,Unnamed: 0,ts_code,trade_date,open,high,low,close,pre_close,change,pct_chg,vol,amount,yield
0,0,000620.SZ,20200403,2.84,2.93,2.83,2.93,2.86,0.07,2.4476,114861.68,33163.097,
1,1,000620.SZ,20200402,2.79,2.87,2.76,2.86,2.81,0.05,1.7794,81514.07,23027.795,
2,2,000620.SZ,20200401,2.82,2.85,2.8,2.81,2.82,-0.01,-0.3546,53195.59,15017.146,
3,3,000620.SZ,20200331,2.85,2.88,2.81,2.82,2.84,-0.02,-0.7042,55327.0,15680.546999999999,
4,4,000620.SZ,20200330,2.88,2.88,2.81,2.84,2.91,-0.07,-2.4055,65889.82,18700.234,
5,5,000620.SZ,20200327,2.93,2.96,2.89,2.91,2.89,0.02,0.6920000000000001,75394.56,22062.384,
6,6,000620.SZ,20200326,2.93,2.96,2.88,2.89,2.97,-0.08,-2.6936,94581.12,27555.331000000002,
7,7,000620.SZ,20200325,2.9,3.0,2.87,2.97,2.87,0.1,3.4843,119374.01,34856.707,
8,8,000620.SZ,20200324,2.84,2.89,2.79,2.87,2.81,0.06,2.1352,86067.4,24572.486,
9,9,000620.SZ,20200323,2.85,2.88,2.8,2.81,2.93,-0.12,-4.0956,82182.0,23363.565,
10,10,000620.SZ,20200320,2.91,2.94,2.87,2.93,2.9,0.03,1.0345,77505.0,22580.319,
11,11,000620.SZ,20200319,2.93,2.95,2.85,2.9,2.94,-0.04,-1.3605,116730.4,33706.885,
12,12,000620.SZ,20200318,3.06,3.07,2.94,2.94,3.03,-0.09,-2.9703,138134.0,41548.789,
13,13,000620.SZ,20200317,3.09,3.17,2.98,3.03,3.1,-0.07,-2.2581,105508.57,32137.02,
14,14,000620.SZ,20200316,3.17,3.24,3.08,3.1,3.13,-0.03,-0.9585,154346.24,49087.422999999995,
15,15,000620.SZ,20200313,3.05,3.14,2.98,3.13,3.16,-0.03,-0.9494,153348.77,46734.028,
16,16,000620.SZ,20200312,3.21,3.21,3.13,3.16,3.23,-0.07,-2.1672,94910.0,30065.644,
17,17,000620.SZ,20200311,3.26,3.31,3.22,3.23,3.27,-0.04,-1.2232,106874.42,34931.363,
18,18,000620.SZ,20200310,3.12,3.28,3.12,3.27,3.27,0.0,0.0,130848.29,41980.092000000004,
19,19,000620.SZ,20200309,3.33,3.39,3.21,3.27,3.46,-0.19,-5.4913,273238.39,89686.69300000001,
20,20,000620.SZ,20200306,3.47,3.48,3.42,3.46,3.51,-0.05,-1.4245,125081.66,43129.376,-0.15317919075144504
21,21,000620.SZ,20200305,3.41,3.53,3.4,3.51,3.43,0.08,2.3324,206528.53,71736.525,-0.18518518518518517
22,22,000620.SZ,20200304,3.28,3.44,3.25,3.43,3.3,0.13,3.9394,205913.59,69263.842,-0.1807580174927114
23,23,000620.SZ,20200303,3.37,3.43,3.24,3.3,3.34,-0.04,-1.1976,155685.37,51854.474,-0.14545454545454545
24,24,000620.SZ,20200302,3.19,3.36,3.19,3.34,3.2,0.14,4.375,122803.71,40702.459,-0.14970059880239522
25,25,000620.SZ,20200228,3.35,3.35,3.15,3.2,3.36,-0.16,-4.7619,129797.69,42023.737,-0.09062500000000001
26,26,000620.SZ,20200227,3.38,3.43,3.35,3.36,3.4,-0.04,-1.1765,88215.0,29876.02,-0.1398809523809523
27,27,000620.SZ,20200226,3.33,3.48,3.29,3.4,3.35,0.05,1.4925,151818.42,51548.497,-0.12647058823529403
28,28,000620.SZ,20200225,3.38,3.39,3.25,3.35,3.44,-0.09,-2.6163,118832.48,39620.566,-0.14328358208955222
29,29,000620.SZ,20200224,3.47,3.47,3.36,3.44,3.47,-0.03,-0.8646,117436.81,40042.009,-0.1831395348837209
30,30,000620.SZ,20200221,3.46,3.5,3.45,3.47,3.47,0.0,0.0,76127.16,26449.487,-0.15561959654178675
31,31,000620.SZ,20200220,3.44,3.49,3.38,3.47,3.45,0.02,0.5797,122686.4,42126.053,-0.1642651296829972
32,32,000620.SZ,20200219,3.48,3.61,3.44,3.45,3.48,-0.03,-0.8621,130672.11,45888.969000000005,-0.1478260869565218
33,33,000620.SZ,20200218,3.46,3.5,3.44,3.48,3.46,0.02,0.578,72040.63,24960.145,-0.12931034482758627
34,34,000620.SZ,20200217,3.41,3.46,3.4,3.46,3.41,0.05,1.4663,83404.77,28719.248,-0.10404624277456644
35,35,000620.SZ,20200214,3.39,3.46,3.37,3.41,3.39,0.02,0.59,74700.0,25492.534,-0.0821114369501467
36,36,000620.SZ,20200213,3.36,3.41,3.33,3.39,3.36,0.03,0.8929,87718.82,29626.304,-0.06784660766961652
37,37,000620.SZ,20200212,3.32,3.36,3.29,3.36,3.31,0.05,1.5106,75437.57,25130.47,-0.03869047619047616
38,38,000620.SZ,20200211,3.29,3.38,3.28,3.31,3.28,0.03,0.9146,116899.46,38869.123,-0.012084592145015116
39,39,000620.SZ,20200210,3.18,3.29,3.15,3.28,3.19,0.09,2.8213,120723.49,38944.102,-0.003048780487804813
40,40,000620.SZ,20200207,3.18,3.26,3.14,3.19,3.19,0.0,0.0,157178.83,50200.932,0.08463949843260189
41,41,000620.SZ,20200206,3.15,3.19,3.11,3.19,3.14,0.05,1.5924,147851.16,46735.019,0.1003134796238244
42,42,000620.SZ,20200205,3.09,3.2,3.05,3.14,3.11,0.03,0.9646,219192.74,68637.48700000001,0.09235668789808918
43,43,000620.SZ,20200204,3.08,3.16,3.08,3.11,3.42,-0.31,-9.0643,350400.24,108234.37400000001,0.061093247588424424
44,44,000620.SZ,20200203,3.42,3.42,3.42,3.42,3.8,-0.38,-10.0,13049.0,4462.758,-0.0233918128654971
45,45,000620.SZ,20200123,3.89,3.91,3.73,3.8,3.9,-0.1,-2.5641,79430.02,30295.324,-0.15789473684210517
46,46,000620.SZ,20200122,3.97,3.98,3.88,3.9,3.98,-0.08,-2.0101,69186.9,27132.931,-0.13846153846153847
47,47,000620.SZ,20200121,3.98,4.03,3.78,3.98,3.99,-0.01,-0.2506,81058.24,32127.527000000002,-0.14572864321608042
48,48,000620.SZ,20200120,4.04,4.05,3.97,3.99,4.01,-0.02,-0.4988,60122.79,24002.165,-0.16040100250626568
49,49,000620.SZ,20200117,4.09,4.09,4.01,4.01,4.08,-0.07,-1.7157,95222.39,38507.221,-0.14214463840399
50,50,000620.SZ,20200116,4.07,4.11,4.03,4.08,4.06,0.02,0.4926,63880.9,26065.6,-0.1495098039215686
51,51,000620.SZ,20200115,4.16,4.16,4.05,4.06,4.16,-0.1,-2.4038,80768.0,32950.16,-0.14532019704433485
52,52,000620.SZ,20200114,4.15,4.17,4.12,4.16,4.14,0.02,0.4831,74348.19,30865.658,-0.1706730769230769
53,53,000620.SZ,20200113,4.14,4.15,4.09,4.14,4.15,-0.01,-0.24100000000000002,64391.39,26544.542,-0.1594202898550724
54,54,000620.SZ,20200110,4.17,4.19,4.12,4.15,4.18,-0.03,-0.7177,80313.59,33277.01,-0.16626506024096394
55,55,000620.SZ,20200109,4.2,4.21,4.14,4.18,4.2,-0.02,-0.4762,82747.37,34547.546,-0.18421052631578938
56,56,000620.SZ,20200108,4.16,4.23,4.12,4.2,4.2,0.0,0.0,142879.79,59619.253,-0.19285714285714287
57,57,000620.SZ,20200107,4.13,4.22,4.13,4.2,4.14,0.06,1.4493,135605.71,56771.945999999996,-0.20000000000000007
58,58,000620.SZ,20200106,4.09,4.14,4.0,4.14,4.12,0.02,0.4854,157808.51,64717.597,-0.20048309178743953
59,59,000620.SZ,20200103,4.13,4.14,4.07,4.12,4.12,0.0,0.0,131669.06,54012.949,-0.20388349514563114
60,60,000620.SZ,20200102,4.06,4.13,4.06,4.12,4.05,0.07,1.7284,182354.24,74706.448,-0.22572815533980586
61,61,000620.SZ,20191231,4.04,4.09,4.0,4.05,4.03,0.02,0.4963,147262.1,59644.873,-0.21234567901234566
62,62,000620.SZ,20191230,4.04,4.07,3.91,4.03,4.04,-0.01,-0.2475,180916.7,72141.75200000001,-0.2208436724565757
63,63,000620.SZ,20191227,4.14,4.16,4.0,4.04,4.17,-0.13,-3.1175,345575.94,140512.657,-0.23019801980198024
64,64,000620.SZ,20191226,4.23,4.24,4.12,4.17,4.27,-0.1,-2.3419,215941.62,90000.266,-0.17985611510791366
65,65,000620.SZ,20191225,4.25,4.34,4.18,4.27,4.33,-0.06,-1.3857,183129.42,78044.84700000001,-0.11007025761124117
66,66,000620.SZ,20191224,4.37,4.39,4.13,4.33,4.59,-0.26,-5.6645,436966.94,183813.16,-0.09930715935334876
67,67,000620.SZ,20191223,4.78,4.83,4.55,4.59,4.88,-0.29,-5.9426,175027.66,82348.507,-0.13289760348583876
68,68,000620.SZ,20191220,5.01,5.01,4.87,4.88,4.98,-0.1,-2.008,106209.01,52248.66099999999,-0.1823770491803278
69,69,000620.SZ,20191219,4.98,5.01,4.89,4.98,4.99,-0.01,-0.2004,81163.27,40136.082,-0.19477911646586357
70,70,000620.SZ,20191218,5.14,5.16,4.98,4.99,5.14,-0.15,-2.9183,124002.18,62758.21400000001,-0.18236472945891785
71,71,000620.SZ,20191217,5.04,5.15,5.02,5.14,5.02,0.12,2.3904,109381.8,55826.861,-0.21011673151750976
72,72,000620.SZ,20191216,4.93,5.02,4.87,5.02,4.91,0.11,2.2403,101623.64,50311.768,-0.17131474103585648
73,73,000620.SZ,20191213,4.92,4.96,4.83,4.91,4.9,0.01,0.2041,117994.67,57686.652,-0.15682281059063147
74,74,000620.SZ,20191212,4.99,5.0,4.9,4.9,4.99,-0.09,-1.8036,84036.94,41592.221,-0.1530612244897959
75,75,000620.SZ,20191211,5.14,5.15,4.96,4.99,5.13,-0.14,-2.7289999999999996,127628.54,64033.195999999996,-0.16232464929859727
76,76,000620.SZ,20191210,5.22,5.29,5.09,5.13,5.24,-0.11,-2.0992,86837.44,44725.759000000005,-0.1812865497076023
77,77,000620.SZ,20191209,5.34,5.39,5.15,5.24,5.31,-0.07,-1.3183,125984.44,65973.641,-0.1984732824427481
78,78,000620.SZ,20191206,5.44,5.44,5.3,5.31,5.39,-0.08,-1.4842,72355.28,38635.182,-0.22033898305084745
79,79,000620.SZ,20191205,5.38,5.47,5.35,5.39,5.34,0.05,0.9363,84312.11,45571.14,-0.235621521335807
80,80,000620.SZ,20191204,5.4,5.4,5.32,5.34,5.37,-0.03,-0.5587,66429.81,35653.611000000004,-0.22846441947565538
81,81,000620.SZ,20191203,5.38,5.45,5.32,5.37,5.33,0.04,0.7505,91460.51,49111.744000000006,-0.24581005586592183
82,82,000620.SZ,20191202,5.19,5.42,5.18,5.33,5.22,0.11,2.1073,96025.66,50953.486,-0.2439024390243902
83,83,000620.SZ,20191129,5.19,5.26,5.08,5.22,5.14,0.08,1.5564,146474.96,75804.067,-0.22605363984674326
84,84,000620.SZ,20191128,5.16,5.27,5.03,5.14,5.16,-0.02,-0.3876,128992.18,66175.952,-0.18871595330739296
85,85,000620.SZ,20191127,4.94,5.24,4.89,5.16,4.93,0.23,4.6653,236904.33,121309.778,-0.17248062015503887
86,86,000620.SZ,20191126,4.92,5.01,4.82,4.93,4.91,0.02,0.4073,85800.47,42037.939000000006,-0.12170385395537518
87,87,000620.SZ,20191125,4.73,4.97,4.72,4.91,4.76,0.15,3.1513,143007.41,69856.724,-0.06517311608961308
88,88,000620.SZ,20191122,4.71,4.79,4.68,4.76,4.65,0.11,2.3656,139701.69,66169.431,0.02521008403361347
89,89,000620.SZ,20191121,4.75,4.78,4.65,4.65,4.76,-0.11,-2.3109,45729.0,21426.195,0.07096774193548389
90,90,000620.SZ,20191120,4.72,4.81,4.67,4.76,4.8,-0.04,-0.8333,94609.81,44972.755,0.04831932773109253
91,91,000620.SZ,20191119,4.89,4.94,4.63,4.8,4.95,-0.15,-3.0303,177954.87,84415.104,0.0708333333333333
92,92,000620.SZ,20191118,4.93,5.13,4.88,4.95,4.94,0.01,0.2024,79557.93,39616.316,0.014141414141414019
93,93,000620.SZ,20191115,4.92,4.95,4.8,4.94,4.91,0.03,0.611,62358.0,30439.137000000002,-0.006072874493927175
94,94,000620.SZ,20191114,4.94,4.95,4.89,4.91,4.94,-0.03,-0.6073,18999.8,9339.051,-0.0020366598778003638
95,95,000620.SZ,20191113,4.95,4.97,4.92,4.94,4.95,-0.01,-0.20199999999999999,13142.28,6497.982,0.010121457489878506
96,96,000620.SZ,20191112,4.97,5.01,4.92,4.95,5.02,-0.07,-1.3944,31558.49,15614.146,0.036363636363636306
97,97,000620.SZ,20191111,4.98,5.03,4.92,5.02,4.99,0.03,0.6012,24160.96,12031.626,0.04382470119521926
98,98,000620.SZ,20191108,5.14,5.14,4.99,4.99,5.09,-0.1,-1.9646,39687.7,20041.131,0.06412825651302592
99,99,000620.SZ,20191107,5.14,5.19,5.06,5.09,5.13,-0.04,-0.7797,52789.0,26948.535,0.05893909626719054
100,100,000620.SZ,20191106,5.1,5.2,5.05,5.13,5.1,0.03,0.5882,42532.96,21778.563,0.040935672514619874
101,101,000620.SZ,20191105,5.3,5.3,5.07,5.1,5.27,-0.17,-3.2258,76672.15,39509.375,0.05294117647058833
102,102,000620.SZ,20191104,4.94,5.38,4.89,5.27,4.89,0.38,7.771,107063.13,55077.447,0.011385199240986812
103,103,000620.SZ,20191101,4.73,4.94,4.71,4.89,4.76,0.13,2.7311,48031.48,23306.732999999997,0.06748466257668713
104,104,000620.SZ,20191031,4.79,4.8,4.7,4.76,4.78,-0.02,-0.4184,25717.6,12213.566,0.07983193277310922
105,105,000620.SZ,20191030,4.75,4.79,4.66,4.78,4.75,0.03,0.6316,33334.6,15758.902,0.07949790794979077
106,106,000620.SZ,20191029,4.78,4.81,4.72,4.75,4.75,0.0,0.0,37170.6,17724.94,0.0378947368421052
107,107,000620.SZ,20191028,4.86,4.95,4.75,4.75,4.91,-0.16,-3.2587,88633.78,42499.56,0.033684210526315816
108,108,000620.SZ,20191025,4.97,5.26,4.81,4.91,4.99,-0.08,-1.6032,125988.24,62694.945999999996,-0.030549898167006182
109,109,000620.SZ,20191024,5.02,5.02,4.87,4.99,5.01,-0.02,-0.3992,63712.35,31383.744,-0.06813627254509015
110,110,000620.SZ,20191023,5.05,5.06,4.86,5.01,5.0,0.01,0.2,75472.11,37203.647000000004,-0.0499001996007984
111,111,000620.SZ,20191022,5.18,5.19,4.92,5.0,5.09,-0.09,-1.7682,82151.69,41049.795,-0.040000000000000036
112,112,000620.SZ,20191021,5.07,5.21,5.07,5.09,5.11,-0.02,-0.3914,50689.06,25955.467999999997,-0.027504911591355537
113,113,000620.SZ,20191018,5.33,5.6,5.05,5.11,5.28,-0.17,-3.2197,172201.94,90532.115,-0.03326810176125243
114,114,000620.SZ,20191017,5.24,5.37,5.24,5.28,5.31,-0.03,-0.565,61607.05,32745.635,-0.0700757575757576
115,115,000620.SZ,20191016,5.29,5.37,5.21,5.31,5.28,0.03,0.5682,87052.02,46044.194,-0.06967984934086614
116,116,000620.SZ,20191015,5.28,5.35,5.24,5.28,5.28,0.0,0.0,83280.51,43991.672999999995,-0.06250000000000001
117,117,000620.SZ,20191014,5.32,5.55,5.19,5.28,5.29,-0.01,-0.18899999999999997,171244.39,90942.23,-0.049242424242424365
118,118,000620.SZ,20191011,5.08,5.31,4.96,5.29,5.06,0.23,4.5455,179894.15,93273.425,-0.056710775047258945
119,119,000620.SZ,20191010,4.68,5.1,4.66,5.06,4.66,0.4,8.5837,169851.71,83069.925,0.005928853754940761
120,120,000620.SZ,20191009,4.73,4.73,4.63,4.66,4.69,-0.03,-0.6397,60685.67,28440.231,0.10085836909871239
121,121,000620.SZ,20191008,4.57,4.72,4.55,4.69,4.55,0.14,3.0769,100682.25,46916.721,0.08742004264392307
122,122,000620.SZ,20190930,4.4,4.58,4.39,4.55,4.41,0.14,3.1746,102912.11,46312.613,0.1582417582417582
123,123,000620.SZ,20190927,4.36,4.44,4.35,4.41,4.4,0.01,0.2273,31669.39,13981.316,0.10884353741496587
124,124,000620.SZ,20190926,4.45,4.48,4.36,4.4,4.48,-0.08,-1.7857,38373.17,16914.708,0.08181818181818168
125,125,000620.SZ,20190925,4.49,4.5,4.42,4.48,4.51,-0.03,-0.6652,37815.5,16873.796000000002,0.06696428571428567
126,126,000620.SZ,20190924,4.5,4.52,4.42,4.51,4.5,0.01,0.2222,72427.15,32461.092999999997,0.053215077605321556
127,127,000620.SZ,20190923,4.37,4.53,4.34,4.5,4.38,0.12,2.7397,150236.44,67187.086,0.05555555555555555
128,128,000620.SZ,20190920,4.34,4.38,4.33,4.38,4.36,0.02,0.4587,37869.2,16542.778000000002,0.12100456621004572
129,129,000620.SZ,20190919,4.34,4.37,4.3,4.36,4.34,0.02,0.4608,39061.3,16899.648999999998,0.14449541284403666
130,130,000620.SZ,20190918,4.36,4.37,4.3,4.34,4.36,-0.02,-0.4587,61196.03,26470.367000000002,0.1543778801843318
131,131,000620.SZ,20190917,4.37,4.4,4.29,4.36,4.38,-0.02,-0.4566,113846.49,49425.892,0.146788990825688
132,132,000620.SZ,20190916,4.39,4.43,4.35,4.38,4.37,0.01,0.2288,90658.43,39653.951,0.16210045662100456
133,133,000620.SZ,20190912,4.37,4.42,4.35,4.37,4.37,0.0,0.0,58739.3,25791.474,0.1693363844393593
134,134,000620.SZ,20190911,4.35,4.43,4.35,4.37,4.39,-0.02,-0.4556,56570.7,24887.132,0.2082379862700229
135,135,000620.SZ,20190910,4.52,4.52,4.35,4.39,4.49,-0.1,-2.2272,108717.76,47888.703,0.20956719817767655
136,136,000620.SZ,20190909,4.65,4.65,4.41,4.49,4.59,-0.1,-2.1786,103701.08,46611.28400000001,0.1759465478841871
137,137,000620.SZ,20190906,4.65,4.65,4.57,4.59,4.65,-0.06,-1.2903,44976.8,20686.978,0.150326797385621
138,138,000620.SZ,20190905,4.67,4.74,4.62,4.65,4.65,0.0,0.0,67595.62,31513.007,0.13763440860215045
139,139,000620.SZ,20190904,4.69,4.69,4.61,4.65,4.71,-0.06,-1.2739,30251.68,14037.014,0.08817204301075252
140,140,000620.SZ,20190903,4.75,4.75,4.62,4.71,4.73,-0.02,-0.4228,45148.75,21053.507,-0.01061571125265389
141,141,000620.SZ,20190902,4.66,4.76,4.6,4.73,4.65,0.08,1.7204,45871.36,21523.029,-0.008456659619450324
142,142,000620.SZ,20190830,4.73,4.73,4.55,4.65,4.72,-0.07,-1.4831,41318.7,19087.8,-0.021505376344086134
143,143,000620.SZ,20190829,4.79,4.79,4.65,4.72,4.79,-0.07,-1.4614,59542.22,28047.365,-0.06567796610169484
144,144,000620.SZ,20190828,4.69,4.84,4.69,4.79,4.74,0.05,1.0549,54619.44,26009.48,-0.08141962421711893
145,145,000620.SZ,20190827,4.67,4.76,4.65,4.74,4.68,0.06,1.2821,51037.34,23997.738999999998,-0.05485232067510544
146,146,000620.SZ,20190826,4.61,4.69,4.57,4.68,4.68,0.0,0.0,34528.0,16002.447,-0.036324786324786314
147,147,000620.SZ,20190823,4.71,4.72,4.63,4.68,4.67,0.01,0.2141,53109.35,24765.862,-0.0384615384615384
148,148,000620.SZ,20190822,4.74,4.75,4.66,4.67,4.68,-0.01,-0.2137,31626.49,14800.493999999999,-0.06209850107066382
149,149,000620.SZ,20190821,4.61,4.74,4.61,4.68,4.67,0.01,0.2141,69095.14,32297.787,-0.06837606837606826
150,150,000620.SZ,20190820,4.62,4.75,4.61,4.67,4.62,0.05,1.0823,92732.74,43466.26,-0.07066381156316918
151,151,000620.SZ,20190819,4.54,4.62,4.5,4.62,4.5,0.12,2.6667,52537.75,24025.067000000003,-0.05627705627705623
152,152,000620.SZ,20190816,4.46,4.56,4.46,4.5,4.47,0.03,0.6711,56230.03,25358.467999999997,-0.02666666666666669
153,153,000620.SZ,20190815,4.32,4.52,4.29,4.47,4.39,0.08,1.8223,72341.6,32126.854,-0.02237136465324377
154,154,000620.SZ,20190814,4.42,4.44,4.37,4.39,4.37,0.02,0.4577,53238.22,23446.332000000002,-0.00455580865603635
155,155,000620.SZ,20190813,4.43,4.44,4.31,4.37,4.37,0.0,0.0,70105.0,30656.126,0.004576659038901504
156,156,000620.SZ,20190812,4.08,4.45,4.08,4.37,4.11,0.26,6.3260000000000005,120414.65,51930.093,0.027459954233409634
157,157,000620.SZ,20190809,4.08,4.14,4.06,4.11,4.12,-0.01,-0.2427,39969.14,16347.248,0.1167883211678831
158,158,000620.SZ,20190808,4.19,4.25,4.1,4.12,4.21,-0.09,-2.1378,81877.4,34112.966,0.12864077669902918
159,159,000620.SZ,20190807,4.17,4.22,4.14,4.21,4.17,0.04,0.9592,40967.36,17160.485,0.10451306413301673
160,160,000620.SZ,20190806,4.16,4.2,4.04,4.17,4.18,-0.01,-0.2392,54185.62,22361.452999999998,0.12949640287769784
161,161,000620.SZ,20190805,4.13,4.2,4.11,4.18,4.16,0.02,0.4808,31609.46,13134.521,0.13157894736842124
162,162,000620.SZ,20190802,4.06,4.19,4.0,4.16,4.12,0.04,0.9709,57706.0,23747.678,0.11778846153846159
163,163,000620.SZ,20190801,4.09,4.13,4.06,4.12,4.12,0.0,0.0,36718.0,15030.608,0.14563106796116496
164,164,000620.SZ,20190731,4.08,4.14,4.03,4.12,4.09,0.03,0.7335,50579.01,20625.797,0.16262135922330095
165,165,000620.SZ,20190730,4.09,4.11,4.07,4.09,4.11,-0.02,-0.4866,20037.0,8184.218000000001,0.1589242053789732
166,166,000620.SZ,20190729,4.12,4.14,4.05,4.11,4.15,-0.04,-0.9639,30030.65,12277.89,0.13868613138686114
167,167,000620.SZ,20190726,4.14,4.18,4.1,4.15,4.18,-0.03,-0.7177,34384.89,14217.511999999999,0.1277108433734938
168,168,000620.SZ,20190725,4.17,4.18,4.14,4.18,4.21,-0.03,-0.7126,38845.02,16153.423999999999,0.11722488038277518
169,169,000620.SZ,20190724,4.19,4.22,4.14,4.21,4.19,0.02,0.4773,41514.49,17359.845,0.11163895486935861
170,170,000620.SZ,20190723,4.18,4.21,4.12,4.19,4.21,-0.02,-0.4751,39959.68,16626.438000000002,0.11455847255369916
171,171,000620.SZ,20190722,4.13,4.23,4.05,4.21,4.14,0.07,1.6908,60268.22,25029.176,0.09738717339667462
172,172,000620.SZ,20190719,4.05,4.15,4.05,4.14,4.06,0.08,1.9704,39637.6,16336.433,0.08695652173913052
173,173,000620.SZ,20190718,4.06,4.09,4.02,4.06,4.08,-0.02,-0.4902,28639.97,11602.608999999999,0.10098522167487689
174,174,000620.SZ,20190717,4.1,4.1,4.06,4.08,4.1,-0.02,-0.4878,23075.81,9430.565999999999,0.07598039215686264
175,175,000620.SZ,20190716,4.09,4.11,4.05,4.1,4.09,0.01,0.2445,25407.01,10376.024,0.06585365853658548
176,176,000620.SZ,20190715,4.07,4.14,3.99,4.09,4.14,-0.05,-1.2077,91771.0,37239.741,0.06845965770171156
177,177,000620.SZ,20190712,4.23,4.35,4.23,4.34,4.25,0.09,2.1176,126549.46,54386.359000000004,-0.05299539170506902
178,178,000620.SZ,20190711,4.18,4.28,4.18,4.25,4.18,0.07,1.6746,96613.51,41067.769,-0.03058823529411762
179,179,000620.SZ,20190710,4.2,4.22,4.17,4.18,4.19,-0.01,-0.2387,28351.7,11910.77,0.0071770334928230265
180,180,000620.SZ,20190709,4.21,4.25,4.18,4.19,4.27,-0.08,-1.8735,31294.0,13176.159,-0.00477326968973758
181,181,000620.SZ,20190708,4.32,4.32,4.16,4.27,4.29,-0.02,-0.4662,103140.0,43682.348,-0.021077283372365307
182,182,000620.SZ,20190705,4.29,4.29,4.23,4.29,4.3,-0.01,-0.2326,56080.04,23876.517000000003,-0.03030303030303028
183,183,000620.SZ,20190704,4.29,4.36,4.26,4.3,4.3,0.0,0.0,63648.04,27406.379,-0.04186046511627901
184,184,000620.SZ,20190703,4.23,4.34,4.21,4.3,4.23,0.07,1.6548,72446.37,30999.924,-0.04186046511627901
185,185,000620.SZ,20190702,4.26,4.3,4.21,4.23,4.3,-0.07,-1.6279,62992.0,26681.907000000003,-0.03309692671394812
186,186,000620.SZ,20190701,4.14,4.37,4.13,4.3,4.14,0.16,3.8647,113195.11,47863.92,-0.044186046511627795
187,187,000620.SZ,20190628,4.07,4.16,4.03,4.14,4.06,0.08,1.9704,65145.01,26628.176,0.002415458937198231
188,188,000620.SZ,20190627,4.04,4.1,4.02,4.06,4.06,0.0,0.0,45271.38,18346.591,0.02955665024630545
189,189,000620.SZ,20190626,4.05,4.07,4.02,4.06,4.06,0.0,0.0,30864.01,12490.415,0.03694581280788187
190,190,000620.SZ,20190625,4.03,4.07,4.0,4.06,4.06,0.0,0.0,49699.08,20044.531000000003,0.032019704433497734
191,191,000620.SZ,20190624,4.07,4.12,4.04,4.06,4.1,-0.04,-0.9756,41878.56,17025.836,0.03694581280788187
192,192,000620.SZ,20190621,3.99,4.1,3.98,4.1,3.98,0.12,3.0151,104386.2,42365.490999999995,0.009756097560975618
193,193,000620.SZ,20190620,3.97,4.01,3.93,3.98,3.97,0.01,0.2519,85755.57,34093.931000000004,0.02010050251256272
194,194,000620.SZ,20190619,3.97,4.01,3.96,3.97,3.94,0.03,0.7614,23522.93,9372.5,0.027707808564231707
195,195,000620.SZ,20190618,3.95,3.98,3.92,3.94,3.96,-0.02,-0.5051,12970.98,5118.733,0.040609137055837484
196,196,000620.SZ,20190617,3.97,3.98,3.94,3.96,3.95,0.01,0.2532,15677.01,6199.529,0.032828282828282804
197,197,000620.SZ,20190614,4.01,4.01,3.94,3.95,3.99,-0.04,-1.0025,19827.0,7894.444,0.09873417721518979
198,198,000620.SZ,20190613,3.97,4.01,3.95,3.99,3.97,0.02,0.5038,16342.0,6510.26,0.06516290726817037
199,199,000620.SZ,20190612,4.0,4.03,3.96,3.97,4.02,-0.05,-1.2438,23924.0,9551.623,0.052896725440805925
200,200,000620.SZ,20190611,3.93,4.03,3.93,4.02,3.93,0.09,2.2901,37449.74,14961.947,0.04228855721393056
201,201,000620.SZ,20190610,3.96,3.96,3.89,3.93,3.95,-0.02,-0.5063,16432.52,6465.77,0.08651399491094132
202,202,000620.SZ,20190606,3.96,3.97,3.89,3.95,3.96,-0.01,-0.2525,30155.5,11826.757,0.08607594936708857
203,203,000620.SZ,20190605,3.98,4.02,3.94,3.96,3.98,-0.02,-0.5025,25885.08,10293.414,0.08585858585858583
204,204,000620.SZ,20190604,4.0,4.0,3.93,3.98,4.01,-0.03,-0.7481,35754.65,14170.353000000001,0.08040201005025122
205,205,000620.SZ,20190603,4.07,4.1,3.9,4.01,4.08,-0.07,-1.7157,62539.41,24957.389,0.05486284289276824
206,206,000620.SZ,20190531,4.11,4.12,4.06,4.08,4.11,-0.03,-0.7299,21951.0,8976.32,0.05392156862745092
207,207,000620.SZ,20190530,4.11,4.12,4.06,4.11,4.11,0.0,0.0,25899.0,10587.896,0.007299270072992544
208,208,000620.SZ,20190529,4.08,4.13,4.08,4.11,4.09,0.02,0.489,34853.42,14310.253999999999,-0.012165450121654674
209,209,000620.SZ,20190528,4.1,4.15,4.08,4.09,4.11,-0.02,-0.4866,35994.0,14822.073,-0.007334963325183435
210,210,000620.SZ,20190527,4.1,4.13,4.05,4.11,4.12,-0.01,-0.2427,52289.29,21401.927000000003,-0.012165450121654674
211,211,000620.SZ,20190524,4.09,4.15,4.05,4.12,4.07,0.05,1.2285,36920.98,15165.683,-0.014563106796116625
212,212,000620.SZ,20190523,4.1,4.16,4.03,4.07,4.12,-0.05,-1.2136,35507.27,14574.203000000001,0.007371007371007213
213,213,000620.SZ,20190522,4.12,4.14,4.05,4.12,4.09,0.03,0.7335,34347.53,14104.738000000001,-0.03398058252427187
214,214,000620.SZ,20190521,4.05,4.12,4.02,4.09,4.03,0.06,1.4888,23900.68,9760.155,-0.029339853300733416
215,215,000620.SZ,20190520,4.04,4.07,3.99,4.03,4.04,-0.01,-0.2475,32375.57,13007.298999999999,-0.022332506203474017
216,216,000620.SZ,20190517,4.24,4.24,4.02,4.04,4.23,-0.19,-4.4917,50862.69,20955.195,-0.01980198019801982
217,217,000620.SZ,20190516,4.18,4.25,4.17,4.23,4.19,0.04,0.9547,34148.71,14395.223,-0.06619385342789603
218,218,000620.SZ,20190515,4.14,4.22,4.14,4.19,4.12,0.07,1.699,28493.02,11917.76,-0.04773269689737474
219,219,000620.SZ,20190514,4.21,4.21,4.1,4.12,4.18,-0.06,-1.4354,41415.4,17226.216,-0.03640776699029124
220,220,000620.SZ,20190513,4.2,4.23,4.15,4.18,4.22,-0.04,-0.9479,29133.15,12215.296999999999,-0.03827751196172252
221,221,000620.SZ,20190510,4.2,4.24,4.1,4.22,4.15,0.07,1.6867,31933.14,13410.943000000001,-0.06872037914691934
222,222,000620.SZ,20190509,4.16,4.25,4.15,4.15,4.2,-0.05,-1.1905,35268.0,14781.11,-0.04819277108433739
223,223,000620.SZ,20190508,4.13,4.31,4.07,4.2,4.14,0.06,1.4493,67148.62,28394.803,-0.05714285714285719
224,224,000620.SZ,20190507,4.13,4.17,4.08,4.14,4.04,0.1,2.4752,62144.07,25692.961,-0.03864734299516901
225,225,000620.SZ,20190506,4.22,4.24,4.0,4.04,4.32,-0.28,-6.4815,99946.73,41291.289,-0.007425742574257487
226,226,000620.SZ,20190430,4.24,4.36,4.23,4.32,4.24,0.08,1.8868,64220.71,27603.224,-0.0555555555555556
227,227,000620.SZ,20190429,4.49,4.49,4.17,4.24,4.47,-0.23,-5.1454,108564.12,46631.875,-0.03066037735849054
228,228,000620.SZ,20190426,4.53,4.57,4.43,4.47,4.56,-0.09,-1.9737,73255.77,32822.046,-0.08053691275167774
229,229,000620.SZ,20190425,4.79,4.79,4.53,4.56,4.79,-0.23,-4.8017,96092.41,44687.35,-0.10307017543859645
230,230,000620.SZ,20190424,4.76,4.82,4.69,4.79,4.8,-0.01,-0.2083,77921.39,37113.02,-0.14196242171189974
231,231,000620.SZ,20190423,4.89,4.92,4.73,4.8,4.92,-0.12,-2.439,95195.77,45648.224,-0.1416666666666666
232,232,000620.SZ,20190422,5.02,5.06,4.88,4.92,5.01,-0.09,-1.7964,80783.13,40044.655,-0.17276422764227636
233,233,000620.SZ,20190419,5.03,5.07,4.94,5.01,5.02,-0.01,-0.1992,82264.35,41185.337999999996,-0.17764471057884226
234,234,000620.SZ,20190418,5.09,5.09,4.96,5.02,5.04,-0.02,-0.3968,73513.31,36844.631,-0.18525896414342624
235,235,000620.SZ,20190417,4.95,5.1,4.92,5.04,4.94,0.1,2.0243,153262.86,77240.132,-0.20039682539682535
236,236,000620.SZ,20190416,4.83,4.99,4.68,4.94,4.82,0.12,2.4896,138407.43,67007.384,-0.18218623481781382
237,237,000620.SZ,20190415,5.0,5.0,4.82,4.82,4.97,-0.15,-3.0181,115919.16,56987.824,-0.12240663900414935
238,238,000620.SZ,20190412,4.93,4.99,4.91,4.97,4.96,0.01,0.2016,77919.02,38543.471,-0.15694164989939627
239,239,000620.SZ,20190411,5.07,5.14,4.9,4.96,5.09,-0.13,-2.5540000000000003,127843.4,63928.648,-0.16935483870967738
240,240,000620.SZ,20190410,5.05,5.12,4.96,5.09,5.05,0.04,0.7921,130337.42,65873.868,-0.17878192534381143
241,241,000620.SZ,20190409,4.93,5.16,4.92,5.05,4.92,0.13,2.6423,188746.5,94937.03300000001,-0.16435643564356436
242,242,000620.SZ,20190408,4.98,5.07,4.84,4.92,4.98,-0.06,-1.2048,120914.24,60038.621,-0.15650406504065031
243,243,000620.SZ,20190404,4.94,5.1,4.93,4.98,4.91,0.07,1.4257,166463.74,83108.193,-0.15662650602409642
244,244,000620.SZ,20190403,4.88,4.93,4.86,4.91,4.87,0.04,0.8214,102036.29,49861.462,-0.15682281059063147
245,245,000620.SZ,20190402,4.93,4.93,4.8,4.87,4.88,-0.01,-0.2049,109859.03,53393.4,-0.1704312114989733
246,246,000620.SZ,20190401,4.72,4.92,4.72,4.88,4.7,0.18,3.8298,179987.01,87161.18400000001,-0.11475409836065566
247,247,000620.SZ,20190329,4.6,4.74,4.53,4.7,4.58,0.12,2.6201,133169.01,61683.047,-0.0978723404255319
248,248,000620.SZ,20190328,4.7,4.72,4.56,4.58,4.71,-0.13,-2.7601,86443.0,40221.67,-0.024017467248908367
249,249,000620.SZ,20190327,4.71,4.76,4.63,4.71,4.69,0.02,0.4264,67916.23,31901.718999999997,-0.03184713375796186
250,250,000620.SZ,20190326,4.85,4.9,4.61,4.69,4.85,-0.16,-3.299,92124.21,44050.262,0.021321961620469006
251,251,000620.SZ,20190325,4.87,4.96,4.8,4.85,4.93,-0.08,-1.6227,93292.94,45561.135,-0.010309278350515427
252,252,000620.SZ,20190322,4.88,4.95,4.83,4.93,4.86,0.07,1.4403,138773.9,67970.828,-0.002028397565922878
253,253,000620.SZ,20190321,4.8,4.94,4.8,4.86,4.82,0.04,0.8299,131702.32,64217.670999999995,0.030864197530864085
254,254,000620.SZ,20190320,4.77,4.82,4.65,4.82,4.77,0.05,1.0482,96659.09,45937.77,0.04149377593360981
255,255,000620.SZ,20190319,4.74,4.82,4.73,4.77,4.76,0.01,0.2101,85228.76,40579.512,0.05660377358490576
256,256,000620.SZ,20190318,4.65,4.76,4.6,4.76,4.62,0.14,3.0303,105996.94,49723.151,0.0378151260504203
257,257,000620.SZ,20190315,4.57,4.67,4.57,4.62,4.57,0.05,1.0941,99497.2,45955.112,0.04329004329004333
258,258,000620.SZ,20190314,4.7,4.77,4.5,4.57,4.73,-0.16,-3.3827,119179.06,54753.92,0.08752735229759287
259,259,000620.SZ,20190313,4.71,4.91,4.65,4.73,4.72,0.01,0.2119,150101.86,71729.311,0.04862579281183922
260,260,000620.SZ,20190312,4.7,4.8,4.62,4.72,4.71,0.01,0.2123,117325.87,55484.239,0.0783898305084746
261,261,000620.SZ,20190311,4.53,4.74,4.51,4.71,4.6,0.11,2.3913,121045.46,56094.568,0.07218683651804668
262,262,000620.SZ,20190308,4.68,4.76,4.6,4.6,4.85,-0.25,-5.1546,153885.19,71859.281,0.06956521739130442
263,263,000620.SZ,20190307,4.73,5.01,4.69,4.85,4.71,0.14,2.9724,195287.63,94112.862,0.026804123711340368
264,264,000620.SZ,20190306,4.63,4.72,4.57,4.71,4.62,0.09,1.9481,147800.89,68385.393,0.04246284501061575
265,265,000620.SZ,20190305,4.53,4.63,4.52,4.62,4.55,0.07,1.5385,92009.15,42055.570999999996,0.05411255411255411
266,266,000620.SZ,20190304,4.55,4.63,4.53,4.55,4.52,0.03,0.6637,107250.87,49141.825999999994,0.07252747252747255
267,267,000620.SZ,20190301,4.58,4.58,4.44,4.52,4.56,-0.04,-0.8772,69341.32,31193.296000000002,0.03982300884955766
268,268,000620.SZ,20190228,4.51,4.61,4.51,4.56,4.54,0.02,0.4405,75678.31,34529.584,0.004385964912280803
269,269,000620.SZ,20190227,4.48,4.66,4.48,4.54,4.46,0.08,1.7937,132796.33,60377.151,0.03744493392070483
270,270,000620.SZ,20190226,4.53,4.55,4.45,4.46,4.54,-0.08,-1.7621,141731.14,63779.183,0.05156950672645749
271,271,000620.SZ,20190225,4.33,4.54,4.32,4.54,4.32,0.22,5.0926,135689.6,60232.884000000005,0.06828193832599111
272,272,000620.SZ,20190222,4.28,4.32,4.24,4.32,4.3,0.02,0.4651,54869.15,23521.052000000003,0.14120370370370355
273,273,000620.SZ,20190221,4.38,4.4,4.26,4.3,4.41,-0.11,-2.4943,81992.17,35458.971,0.130232558139535
274,274,000620.SZ,20190220,4.29,4.45,4.26,4.41,4.26,0.15,3.5211,91032.46,39723.64,0.09297052154195014
275,275,000620.SZ,20190219,4.35,4.38,4.25,4.26,4.3,-0.04,-0.9302,52937.11,22763.862999999998,0.11971830985915488
276,276,000620.SZ,20190218,4.16,4.31,4.16,4.3,4.18,0.12,2.8708,60040.0,25549.789,0.10697674418604651
277,277,000620.SZ,20190215,4.18,4.22,4.17,4.18,4.21,-0.03,-0.7126,27191.0,11413.597,0.10526315789473695
278,278,000620.SZ,20190214,4.23,4.24,4.18,4.21,4.22,-0.01,-0.237,34684.0,14602.204,0.08551068883610459
279,279,000620.SZ,20190213,4.16,4.24,4.13,4.22,4.15,0.07,1.6867,54048.33,22709.444,0.12085308056872054
280,280,000620.SZ,20190212,4.12,4.16,4.06,4.15,4.11,0.04,0.9732,38920.76,16055.958999999999,0.1373493975903613
281,281,000620.SZ,20190211,4.09,4.11,4.04,4.11,4.05,0.06,1.4815,40134.23,16377.231000000002,0.14598540145985392
282,282,000620.SZ,20190201,3.99,4.09,3.99,4.05,3.96,0.09,2.2727,33966.0,13726.544,0.13580246913580243
283,283,000620.SZ,20190131,4.03,4.08,3.96,3.96,4.03,-0.07,-1.7369999999999999,32449.0,13059.818000000001,0.22474747474747467
284,284,000620.SZ,20190130,4.04,4.14,4.02,4.03,4.04,-0.01,-0.2475,39726.85,16202.653999999999,0.1687344913151364
285,285,000620.SZ,20190129,4.16,4.18,4.0,4.04,4.19,-0.15,-3.58,52519.05,21349.494,0.14356435643564358
286,286,000620.SZ,20190128,4.13,4.23,4.13,4.19,4.12,0.07,1.699,44186.69,18558.834,0.08591885441527432
287,287,000620.SZ,20190125,4.17,4.2,4.12,4.12,4.17,-0.05,-1.199,22304.1,9287.114,0.09708737864077657
288,288,000620.SZ,20190124,4.14,4.21,4.13,4.17,4.15,0.02,0.4819,26056.14,10895.817,0.09352517985611503
289,289,000620.SZ,20190123,4.17,4.18,4.11,4.15,4.14,0.01,0.2415,18994.04,7884.613,0.09397590361445775
290,290,000620.SZ,20190122,4.18,4.22,4.12,4.14,4.15,-0.01,-0.24100000000000002,43046.79,17982.135,0.07729468599033824
291,291,000620.SZ,20190121,4.18,4.26,4.13,4.15,4.19,-0.04,-0.9547,37945.04,15934.88,0.09397590361445775
292,292,000620.SZ,20190118,4.15,4.19,4.13,4.19,4.16,0.03,0.7212,29716.0,12410.87,0.031026252983293527
293,293,000620.SZ,20190117,4.15,4.19,4.14,4.16,4.16,0.0,0.0,29039.42,12096.841999999999,0.033653846153846076
294,294,000620.SZ,20190116,4.12,4.18,4.1,4.16,4.15,0.01,0.24100000000000002,29699.4,12333.792,0.06009615384615384
295,295,000620.SZ,20190115,4.11,4.19,4.1,4.15,4.15,0.0,0.0,36891.69,15304.152,0.026506024096385403
296,296,000620.SZ,20190114,4.22,4.24,4.1,4.15,4.22,-0.07,-1.6588,59134.83,24558.725,0.03614457831325288
297,297,000620.SZ,20190111,4.17,4.28,4.14,4.22,4.14,0.08,1.9324,46884.93,19779.909,-0.009478672985782
298,298,000620.SZ,20190110,4.18,4.19,4.13,4.14,4.1,0.04,0.9756,35350.0,14684.877,0.016908212560386545
299,299,000620.SZ,20190109,4.06,4.13,4.02,4.1,4.03,0.07,1.7369999999999999,48157.49,19750.672,0.02926829268292686
300,300,000620.SZ,20190108,4.04,4.07,4.01,4.03,4.05,-0.02,-0.4938,38162.0,15391.872,0.029776674937965285
301,301,000620.SZ,20190107,4.01,4.07,3.97,4.05,4.0,0.05,1.25,48382.43,19461.514,0.014814814814814939
302,302,000620.SZ,20190104,3.95,4.02,3.91,4.0,3.91,0.09,2.3018,40734.2,16209.809,0.012499999999999956
303,303,000620.SZ,20190103,3.94,3.97,3.9,3.91,3.93,-0.02,-0.5089,18252.6,7168.828,0.012787723785166195
304,304,000620.SZ,20190102,3.92,3.98,3.9,3.93,3.91,0.02,0.5115,27335.7,10777.685,0.025445292620865163
305,305,000620.SZ,20181228,3.88,3.96,3.88,3.91,3.88,0.03,0.7732,28746.02,11264.643999999998,0.033248081841432194
306,306,000620.SZ,20181227,4.03,4.05,3.88,3.88,3.99,-0.11,-2.7569,56669.23,22313.343999999997,0.07989690721649498
307,307,000620.SZ,20181226,4.0,4.0,3.95,3.99,3.98,0.01,0.2513,19889.44,7922.188,0.03258145363408518
308,308,000620.SZ,20181225,4.0,4.03,3.9,3.98,4.03,-0.05,-1.2407,35359.18,14014.663999999999,0.04773869346733667
309,309,000620.SZ,20181224,3.96,4.05,3.96,4.03,4.0,0.03,0.75,32780.71,13175.23,0.029776674937965285
310,310,000620.SZ,20181221,3.95,4.01,3.94,4.0,3.97,0.03,0.7557,24678.03,9837.621,0.03499999999999992
311,311,000620.SZ,20181220,3.99,4.0,3.95,3.97,3.97,0.0,0.0,22152.22,8806.899,0.04534005037783379
312,312,000620.SZ,20181219,3.96,4.02,3.96,3.97,3.99,-0.02,-0.5013,18736.81,7479.325,0.055415617128463525
313,313,000620.SZ,20181218,3.95,4.02,3.92,3.99,3.99,0.0,0.0,25523.48,10143.786,0.042606516290726794
314,314,000620.SZ,20181217,3.93,4.01,3.92,3.99,3.94,0.05,1.2690000000000001,28237.47,11232.266000000001,0.042606516290726794
315,315,000620.SZ,20181214,4.07,4.07,3.93,3.94,4.07,-0.13,-3.1941,37629.01,15054.161,0.053299492385786906
316,316,000620.SZ,20181213,4.04,4.09,4.01,4.07,4.04,0.03,0.7426,35384.41,14376.657,0.019656019656019673
317,317,000620.SZ,20181212,4.04,4.04,4.0,4.04,4.02,0.02,0.4975,29444.21,11857.246000000001,0.04455445544554448
318,318,000620.SZ,20181211,3.98,4.04,3.98,4.02,4.0,0.02,0.5,23315.0,9333.831,0.029850746268656747
319,319,000620.SZ,20181210,4.01,4.07,3.98,4.0,4.06,-0.06,-1.4778,30796.4,12347.136,0.02499999999999991
320,320,000620.SZ,20181207,4.1,4.12,4.03,4.06,4.09,-0.03,-0.7335,28437.0,11571.237,-0.007389162561576198
321,321,000620.SZ,20181206,4.13,4.15,4.05,4.09,4.13,-0.04,-0.9685,44579.2,18210.432,-0.009779951100244507
322,322,000620.SZ,20181205,4.12,4.19,4.11,4.13,4.19,-0.06,-1.432,61097.72,25296.062,-0.03147699757869247
323,323,000620.SZ,20181204,4.23,4.25,4.17,4.19,4.24,-0.05,-1.1792,83778.97,35219.968,-0.06682577565632464
324,324,000620.SZ,20181203,4.04,4.3,4.04,4.24,3.99,0.25,6.2657,167860.71,70166.27,-0.07311320754716982
325,325,000620.SZ,20181130,3.96,4.0,3.9,3.99,3.97,0.02,0.5038,51301.09,20255.217,-0.020050125313283224
326,326,000620.SZ,20181129,4.15,4.16,3.97,3.97,4.17,-0.2,-4.7962,99214.08,40456.114,-0.02267002518891695
327,327,000620.SZ,20181128,4.16,4.24,4.12,4.17,4.15,0.02,0.4819,116239.71,48635.117,-0.04316546762589921
328,328,000620.SZ,20181127,4.08,4.3,4.06,4.15,4.07,0.08,1.9656,122624.31,51095.803,-0.04096385542168683
329,329,000620.SZ,20181126,4.03,4.1,4.01,4.07,4.05,0.02,0.4938,46094.4,18729.216,-0.009828009828009836
330,330,000620.SZ,20181123,4.28,4.28,4.02,4.05,4.26,-0.21,-4.9296,69532.6,28639.471,-0.012345679012345635
331,331,000620.SZ,20181122,4.32,4.33,4.22,4.26,4.31,-0.05,-1.1601,60128.88,25643.234,-0.06807511737089193
332,332,000620.SZ,20181121,4.17,4.34,4.13,4.31,4.19,0.12,2.864,72729.09,30859.244,-0.07888631090487226
333,333,000620.SZ,20181120,4.28,4.39,4.18,4.19,4.35,-0.16,-3.6782,87645.41,37730.248999999996,-0.04773269689737474
334,334,000620.SZ,20181119,4.29,4.37,4.27,4.35,4.28,0.07,1.6355,88454.34,38269.988,-0.08275862068965505
335,335,000620.SZ,20181116,4.37,4.4,4.22,4.28,4.28,0.0,0.0,104916.69,45283.523,-0.07943925233644866
336,336,000620.SZ,20181115,4.16,4.3,4.15,4.28,4.15,0.13,3.1325,101992.97,43283.164000000004,-0.049065420560747655
337,337,000620.SZ,20181114,4.2,4.33,4.15,4.15,4.19,-0.04,-0.9547,100545.27,42344.934,-0.026506024096385618
338,338,000620.SZ,20181113,4.09,4.23,4.07,4.19,4.13,0.06,1.4528,100067.01,41707.325,-0.040572792362768687
339,339,000620.SZ,20181112,4.05,4.15,4.03,4.13,4.07,0.06,1.4742,96522.6,39476.508,-0.03147699757869247
340,340,000620.SZ,20181109,4.05,4.09,4.02,4.07,4.06,0.01,0.2463,74932.85,30415.264,-0.0024570024570026226
341,341,000620.SZ,20181108,4.06,4.1,4.03,4.06,4.04,0.02,0.495,87163.4,35349.261,0.007389162561576417
342,342,000620.SZ,20181107,4.04,4.06,4.01,4.04,4.03,0.01,0.2481,68017.99,27464.142000000003,0.02227722772277224
343,343,000620.SZ,20181106,4.06,4.06,3.98,4.03,4.06,-0.03,-0.7389,42760.99,17183.871,0.03970223325062038
344,344,000620.SZ,20181105,4.04,4.09,4.0,4.06,4.03,0.03,0.7444,63002.59,25501.933999999997,0.04433497536945828
345,345,000620.SZ,20181102,3.99,4.03,3.97,4.03,3.95,0.08,2.0253,76828.18,30816.607999999997,-0.009925558312655096
346,346,000620.SZ,20181101,4.0,4.04,3.94,3.95,3.97,-0.02,-0.5038,75527.5,30142.182999999997,0.005063291139240511
347,347,000620.SZ,20181031,3.92,4.06,3.91,3.97,3.92,0.05,1.2755,80381.27,31979.089,0.05037783375314855
348,348,000620.SZ,20181030,3.92,3.98,3.85,3.92,3.92,0.0,0.0,59025.8,23132.959,0.05867346938775521
349,349,000620.SZ,20181029,3.98,4.03,3.92,3.92,4.0,-0.08,-2.0,71741.13,28378.863999999998,0.03826530612244907
350,350,000620.SZ,20181026,3.91,4.16,3.87,4.0,3.94,0.06,1.5228,146265.02,58637.483,0.012499999999999956
351,351,000620.SZ,20181025,3.7,3.96,3.6,3.94,3.88,0.06,1.5464,150328.65,57252.727,0.08121827411167509
352,352,000620.SZ,20181024,3.97,4.02,3.82,3.88,4.04,-0.16,-3.9604,124117.42,48585.41,0.11082474226804116
353,353,000620.SZ,20181023,4.15,4.2,4.04,4.04,4.26,-0.22,-5.1643,149862.8,61593.512,0.03712871287128722
354,354,000620.SZ,20181022,4.21,4.36,4.02,4.26,4.22,0.04,0.9479,449406.55,188615.84,0.02112676056338025
355,355,000620.SZ,20181019,4.02,4.31,4.02,4.22,4.2,0.02,0.4762,162428.57,68323.65400000001,0.014218009478673105
356,356,000620.SZ,20181018,4.18,4.32,3.98,4.2,4.38,-0.18,-4.1096,221882.35,93213.603,0.019047619047619063
357,357,000620.SZ,20181017,3.74,4.39,3.74,4.38,4.16,0.22,5.2885,368186.36,145106.639,-0.05251141552511405
358,358,000620.SZ,20181016,4.5,4.5,4.06,4.16,4.51,-0.35,-7.7605,202655.7,83062.431,0.007211538461538521
359,359,000620.SZ,20181015,4.87,5.05,4.41,4.51,4.9,-0.39,-7.9592,122766.35,56231.078,-0.0842572062084257
360,360,000620.SZ,20181012,5.05,5.05,4.72,4.9,5.09,-0.19,-3.7328,42586.45,20675.263,-0.16938775510204082
361,361,000620.SZ,20181011,5.28,5.28,4.88,5.09,5.36,-0.27,-5.0373,66498.24,34021.178,-0.20235756385068768
362,362,000620.SZ,20181010,5.32,5.36,5.3,5.36,5.33,0.03,0.5629,38078.5,20312.019,-0.24626865671641796
363,363,000620.SZ,20181009,5.38,5.38,5.3,5.33,5.38,-0.05,-0.9294,17747.85,9449.134,-0.2439024390243902
364,364,000620.SZ,20181008,5.39,5.4,5.32,5.38,5.39,-0.01,-0.1855,36507.5,19614.828999999998,-0.24535315985130118
365,365,000620.SZ,20180928,5.42,5.44,5.39,5.39,5.43,-0.04,-0.7366,67094.0,36343.013999999996,-0.2523191094619665
366,366,000620.SZ,20180927,5.45,5.49,5.42,5.43,5.5,-0.07,-1.2727,81609.0,44457.552,-0.2725598526703498
367,367,000620.SZ,20180926,5.46,5.5,5.36,5.5,5.46,0.04,0.7326,80820.63,44041.71,-0.27818181818181814
368,368,000620.SZ,20180925,5.41,5.5,5.38,5.46,5.42,0.04,0.738,57591.71,31369.725,-0.28205128205128205
369,369,000620.SZ,20180921,5.38,5.47,5.38,5.42,5.41,0.01,0.1848,48245.23,26191.087000000003,-0.2767527675276753
370,370,000620.SZ,20180920,5.37,5.44,5.34,5.41,5.41,0.0,0.0,52938.54,28500.278,-0.26062846580406657
371,371,000620.SZ,20180919,5.29,5.43,5.23,5.41,5.27,0.14,2.6565,87558.4,46725.09,-0.2717190388170056
372,372,000620.SZ,20180918,5.25,5.3,5.25,5.27,5.29,-0.02,-0.3781,17678.1,9311.357,-0.2637571157495256
373,373,000620.SZ,20180917,5.31,5.32,5.23,5.29,5.31,-0.02,-0.3766,14019.0,7405.624,-0.23629489603024575
374,374,000620.SZ,20180914,5.32,5.4,5.29,5.31,5.31,0.0,0.0,19559.01,10460.619,-0.19774011299435026
375,375,000620.SZ,20180913,5.32,5.34,5.29,5.31,5.31,0.0,0.0,24096.01,12794.518999999998,-0.20527306967984932
376,376,000620.SZ,20180912,5.31,5.34,5.28,5.31,5.34,-0.03,-0.5618,25385.9,13471.622,-0.20903954802259878
377,377,000620.SZ,20180911,5.27,5.41,5.2,5.34,5.27,0.07,1.3283,45654.85,24229.665,-0.1797752808988764
378,378,000620.SZ,20180910,5.37,5.37,5.21,5.27,5.38,-0.11,-2.0446,44854.01,23646.097999999998,-0.2106261859582542
379,379,000620.SZ,20180907,5.34,5.4,5.31,5.38,5.38,0.0,0.0,24097.67,12919.702,-0.1617100371747212
380,380,000620.SZ,20180906,5.4,5.41,5.28,5.38,5.4,-0.02,-0.3704,50582.0,26998.802000000003,-0.0892193308550185
381,381,000620.SZ,20180905,5.4,5.42,5.37,5.4,5.4,0.0,0.0,22525.47,12147.513,-0.0574074074074075
382,382,000620.SZ,20180904,5.41,5.44,5.38,5.4,5.43,-0.03,-0.5525,25334.0,13677.231000000002,-0.007407407407407414
383,383,000620.SZ,20180903,5.46,5.47,5.4,5.43,5.5,-0.07,-1.2727,17856.17,9688.857,-0.018416206261510065
384,384,000620.SZ,20180831,5.4,5.5,5.32,5.5,5.43,0.07,1.2891,50788.6,27576.45,-0.021818181818181837
385,385,000620.SZ,20180830,5.43,5.44,5.37,5.43,5.45,-0.02,-0.36700000000000005,27337.08,14776.999,-0.007366482504604059
386,386,000620.SZ,20180829,5.43,5.45,5.37,5.45,5.42,0.03,0.5535,21335.86,11544.971000000001,-0.0036697247706422866
387,387,000620.SZ,20180828,5.42,5.46,5.38,5.42,5.42,0.0,0.0,30164.0,16323.542,0.014760147601476028
388,388,000620.SZ,20180827,5.39,5.45,5.38,5.42,5.4,0.02,0.3704,19918.09,10790.572,0.007380073800738014
389,389,000620.SZ,20180824,5.26,5.42,5.22,5.4,5.27,0.13,2.4668,26978.58,14408.752,0.0037037037037036245
390,390,000620.SZ,20180823,5.28,5.3,5.23,5.27,5.23,0.04,0.7648,25200.81,13272.253999999999,0.026565464895635785
391,391,000620.SZ,20180822,5.33,5.36,5.23,5.23,5.33,-0.1,-1.8762,15189.8,8049.528,0.034416826003824036
392,392,000620.SZ,20180821,5.35,5.46,5.3,5.33,5.35,-0.02,-0.3738,26177.58,14061.08,-0.011257035647279643
393,393,000620.SZ,20180820,5.35,5.39,5.32,5.35,5.36,-0.01,-0.1866,26618.4,14250.187,-0.011214953271027965
394,394,000620.SZ,20180817,5.36,5.39,5.32,5.36,5.36,0.0,0.0,14035.24,7529.906,-0.009328358208955357
395,395,000620.SZ,20180816,5.32,5.41,5.25,5.36,5.34,0.02,0.3745,24920.0,13294.525,-0.009328358208955357
396,396,000620.SZ,20180815,5.36,5.38,5.25,5.34,5.36,-0.02,-0.3731,28288.0,15053.819,-0.005617977528089934
397,397,000620.SZ,20180814,5.36,5.39,5.32,5.36,5.36,0.0,0.0,9935.01,5323.262,-0.0037313432835821753
398,398,000620.SZ,20180813,5.39,5.42,5.35,5.36,5.4,-0.04,-0.7407,10555.0,5677.763000000001,-0.01679104477611954
399,399,000620.SZ,20180810,5.35,5.45,5.35,5.4,5.39,0.01,0.1855,16518.39,8916.726999999999,-0.003703703703703789
400,400,000620.SZ,20180809,5.39,5.41,5.35,5.39,5.39,0.0,0.0,23683.4,12767.186000000002,-0.0018552875695732444
401,401,000620.SZ,20180808,5.38,5.42,5.34,5.39,5.4,-0.01,-0.1852,25649.0,13793.787,0.0018552875695734092
402,402,000620.SZ,20180807,5.3,5.43,5.28,5.4,5.37,0.03,0.5587,27190.02,14631.056,0.0
403,403,000620.SZ,20180806,5.21,5.37,5.16,5.37,5.25,0.12,2.2857,49660.61,26170.623,0.011173184357541827
404,404,000620.SZ,20180803,5.2,5.26,5.16,5.25,5.25,0.0,0.0,41032.0,21429.896,0.047619047619047616
405,405,000620.SZ,20180802,5.34,5.34,5.09,5.25,5.39,-0.14,-2.5974,74441.44,38824.76,0.03428571428571423
406,406,000620.SZ,20180801,5.45,5.45,5.29,5.39,5.45,-0.06,-1.1009,58551.1,31335.801,0.011131725417439797
407,407,000620.SZ,20180731,5.41,5.46,5.39,5.45,5.44,0.01,0.1838,17310.32,9401.961,-0.005504587155963348
408,408,000620.SZ,20180730,5.43,5.51,5.42,5.44,5.47,-0.03,-0.5484,12120.0,6608.238,-0.0036764705882353786
409,409,000620.SZ,20180727,5.5,5.5,5.42,5.47,5.47,0.0,0.0,20847.52,11390.907,-0.01279707495429605
410,410,000620.SZ,20180726,5.49,5.54,5.45,5.47,5.49,-0.02,-0.3643,17877.53,9829.907,-0.036563071297989067
411,411,000620.SZ,20180725,5.53,5.57,5.49,5.49,5.53,-0.04,-0.7233,20555.61,11328.521999999999,-0.047358834244080106
412,412,000620.SZ,20180724,5.44,5.61,5.42,5.53,5.44,0.09,1.6544,45814.62,25266.178,-0.03616636528028936
413,413,000620.SZ,20180723,5.46,5.53,5.4,5.44,5.42,0.02,0.369,43254.75,23561.246,-0.01654411764705896
414,414,000620.SZ,20180720,5.38,5.46,5.35,5.42,5.39,0.03,0.5566,18636.48,10088.103000000001,-0.01107011070110694
415,415,000620.SZ,20180719,5.37,5.4,5.34,5.39,5.39,0.0,0.0,45567.54,24484.603,-0.0055658627087197335
416,416,000620.SZ,20180718,5.36,5.39,5.29,5.39,5.4,-0.01,-0.19,93517.6,50010.079000000005,-0.009276437847866387
417,417,000620.SZ,20180717,5.38,5.4,5.33,5.4,5.41,-0.01,-0.18,80149.48,43006.182,-0.007407407407407414
418,418,000620.SZ,20180716,5.44,5.46,5.3,5.41,5.44,-0.03,-0.55,119213.02,64072.687000000005,-0.009242144177449136
419,419,000620.SZ,20180713,5.4,5.46,5.39,5.44,5.41,0.03,0.55,89848.12,48739.030999999995,-0.007352941176470594
420,420,000620.SZ,20180712,5.31,5.49,5.26,5.41,5.35,0.06,1.12,93547.8,50698.819,-0.0036968576709797527
421,421,000620.SZ,20180711,5.28,5.35,5.2,5.35,5.32,0.03,0.56,61314.47,32390.799,0.007476635514018699
422,422,000620.SZ,20180710,5.36,5.42,5.27,5.42,5.43,-0.01,-0.18,82729.76,44280.585,-0.003690036900368925
423,423,000620.SZ,20180709,5.44,5.45,5.28,5.43,5.49,-0.06,-1.09,148050.2,79299.605,-0.011049723756906006
424,424,000620.SZ,20180706,5.43,5.49,5.24,5.49,5.53,-0.04,-0.72,125722.0,67664.901,-0.043715846994535554
425,425,000620.SZ,20180705,5.58,5.58,5.33,5.53,5.6,-0.07,-1.25,157701.21,86279.75,-0.050632911392405104
426,426,000620.SZ,20180704,5.55,5.6,5.53,5.6,5.6,0.0,0.0,29934.4,16696.256,-0.0375
427,427,000620.SZ,20180703,5.57,5.6,5.34,5.6,5.6,0.0,0.0,63893.46,34974.195,-0.02678571428571419
428,428,000620.SZ,20180702,5.67,5.68,5.56,5.6,5.67,-0.07,-1.23,41288.54,23159.051,-0.02857142857142844
429,429,000620.SZ,20180629,5.59,5.68,5.56,5.67,5.6,0.07,1.25,30389.45,17084.259,-0.03527336860670197
430,430,000620.SZ,20180628,5.58,5.6,5.55,5.6,5.59,0.01,0.18,40681.14,22699.987,-0.023214285714285698
431,431,000620.SZ,20180627,5.57,5.59,5.54,5.59,5.6,-0.01,-0.18,35325.41,19687.714,-0.017889087656529454
432,432,000620.SZ,20180626,5.54,5.6,5.52,5.6,5.6,0.0,0.0,39461.74,21979.118,-0.012499999999999893
433,433,000620.SZ,20180625,5.6,5.62,5.53,5.6,5.6,0.0,0.0,44284.61,24699.293999999998,-0.02857142857142844
434,434,000620.SZ,20180622,5.55,5.6,5.51,5.6,5.6,0.0,0.0,33846.92,18820.471,-0.03214285714285709
435,435,000620.SZ,20180621,5.6,5.6,5.48,5.6,5.6,0.0,0.0,41069.04,22791.596,-0.0375
436,436,000620.SZ,20180620,5.32,5.6,5.3,5.6,5.39,0.21,3.9,93713.07,51438.105,-0.0375
437,437,000620.SZ,20180619,5.5,5.57,5.3,5.39,5.63,-0.24,-4.26,56152.0,30526.305,0.0018552875695734092
438,438,000620.SZ,20180615,5.69,5.71,5.38,5.63,5.7,-0.07,-1.23,79570.8,44274.148,-0.03907637655417402
439,439,000620.SZ,20180614,5.67,5.74,5.62,5.7,5.67,0.03,0.53,26011.48,14774.123,-0.04561403508771926
440,440,000620.SZ,20180613,5.73,5.76,5.67,5.67,5.75,-0.08,-1.39,17774.0,10166.775,-0.045855379188712485
441,441,000620.SZ,20180612,5.72,5.78,5.71,5.75,5.78,-0.03,-0.52,19134.14,10985.562,-0.0695652173913044
442,442,000620.SZ,20180611,5.86,5.86,5.73,5.78,5.84,-0.06,-1.03,39615.2,22913.645,-0.062283737024221505
443,443,000620.SZ,20180608,5.9,5.91,5.8,5.84,5.95,-0.11,-1.85,61927.91,36271.786,-0.07020547945205483
444,444,000620.SZ,20180607,5.94,5.99,5.76,5.95,5.95,0.0,0.0,95248.44,55881.305,-0.07731092436974789
445,445,000620.SZ,20180606,5.97,5.99,5.92,5.95,5.94,0.01,0.17,59763.75,35579.518,-0.07058823529411763
446,446,000620.SZ,20180605,5.99,6.01,5.91,5.94,5.91,0.03,0.51,45544.01,27143.778,-0.05723905723905736
447,447,000620.SZ,20180604,6.12,6.15,5.9,5.91,6.16,-0.25,-4.06,110579.0,66193.393,-0.052453468697123605
448,448,000620.SZ,20180601,6.2,6.29,6.07,6.16,6.16,0.0,0.0,172012.87,105959.299,-0.09090909090909098
449,449,000620.SZ,20180531,6.11,6.27,6.06,6.16,6.1,0.06,0.98,82327.59,50859.562000000005,-0.07954545454545457
450,450,000620.SZ,20180530,6.44,6.44,6.09,6.1,6.42,-0.32,-4.98,99028.0,61778.045,-0.0819672131147541
451,451,000620.SZ,20180529,6.35,6.51,6.35,6.42,6.44,-0.02,-0.31,64198.93,41360.791,-0.12928348909657322
452,452,000620.SZ,20180528,6.28,6.49,6.23,6.44,6.2,0.24,3.87,98643.98,63180.675,-0.13043478260869576
453,453,000620.SZ,20180525,6.27,6.28,6.2,6.2,6.24,-0.04,-0.64,19067.98,11876.133999999998,-0.09677419354838718
454,454,000620.SZ,20180524,6.26,6.3,6.24,6.24,6.31,-0.07,-1.11,40290.0,25247.644,-0.10256410256410266
455,455,000620.SZ,20180523,6.28,6.32,6.2,6.31,6.3,0.01,0.16,61575.91,38558.35,-0.11251980982567354
456,456,000620.SZ,20180522,6.24,6.35,6.19,6.3,6.24,0.06,0.96,165698.41,103864.71,-0.11111111111111115
457,457,000620.SZ,20180521,6.15,6.32,6.12,6.24,6.16,0.08,1.3,230985.59,144617.378,-0.1362179487179488
458,458,000620.SZ,20180518,6.01,6.21,6.01,6.16,6.0,0.16,2.67,132723.23,81400.09700000001,-0.08603896103896108
459,459,000620.SZ,20180517,6.01,6.15,5.94,6.0,6.0,0.0,0.0,133154.11,80436.386,-0.04999999999999997
460,460,000620.SZ,20180516,5.9,6.16,5.88,6.0,5.92,0.08,1.35,140110.37,84911.405,-0.055000000000000014
461,461,000620.SZ,20180515,5.64,6.01,5.64,5.92,5.64,0.28,4.96,177097.38,104208.63900000001,-0.028716216216216204
462,462,000620.SZ,20180514,5.82,5.84,5.6,5.64,5.84,-0.2,-3.42,77210.15,43918.212,0.024822695035461095
463,463,000620.SZ,20180511,5.88,5.93,5.79,5.84,5.9,-0.06,-1.02,34214.65,20011.253,0.0
464,464,000620.SZ,20180510,5.89,5.91,5.83,5.9,5.95,-0.05,-0.84,36056.49,21147.039,0.00847457627118641
465,465,000620.SZ,20180509,5.81,6.1,5.79,5.95,5.82,0.13,2.23,65772.8,38971.276,0.0
466,466,000620.SZ,20180508,5.8,5.85,5.75,5.82,5.79,0.03,0.52,31544.86,18266.511000000002,0.020618556701030945
467,467,000620.SZ,20180507,5.74,5.8,5.73,5.79,5.73,0.06,1.05,18958.11,10943.096000000001,0.020725388601036288
468,468,000620.SZ,20180504,5.71,5.74,5.69,5.73,5.71,0.02,0.35,12021.02,6879.556,0.07504363001745196
469,469,000620.SZ,20180503,5.71,5.74,5.68,5.71,5.71,0.0,0.0,13047.86,7452.616999999999,0.07880910683012263
470,470,000620.SZ,20180502,5.77,5.8,5.7,5.71,5.75,-0.04,-0.7,18409.95,10545.891000000001,0.06830122591943952
471,471,000620.SZ,20180427,5.76,5.81,5.73,5.75,5.77,-0.02,-0.35,20807.05,11983.575,0.11652173913043477
472,472,000620.SZ,20180426,5.8,5.88,5.77,5.77,5.8,-0.03,-0.52,21728.84,12608.861,0.11611785095320638
473,473,000620.SZ,20180425,5.93,5.94,5.77,5.8,5.93,-0.13,-2.19,35844.12,20931.043999999998,0.06896551724137938
474,474,000620.SZ,20180424,5.82,5.93,5.82,5.93,5.84,0.09,1.54,19945.11,11776.446000000002,0.05227655986509284
475,475,000620.SZ,20180423,5.89,5.9,5.83,5.84,5.89,-0.05,-0.85,19264.6,11273.823,0.08047945205479448
476,476,000620.SZ,20180420,6.03,6.03,5.88,5.89,6.03,-0.14,-2.32,36891.8,21926.884,0.06960950764006794
477,477,000620.SZ,20180419,6.03,6.06,5.99,6.03,6.09,-0.06,-0.99,31633.72,19053.895,0.03482587064676616
478,478,000620.SZ,20180418,6.01,6.09,5.92,6.09,6.1,-0.01,-0.16,70602.05,42331.227999999996,0.011494252873563265
479,479,000620.SZ,20180417,6.19,6.27,5.98,6.1,6.17,-0.07,-1.13,120621.64,74271.99799999999,-0.01639344262295076
480,480,000620.SZ,20180416,6.01,6.32,6.0,6.17,6.07,0.1,1.65,101093.76,62079.895,-0.027552674230145856
481,481,000620.SZ,20180413,6.03,6.1,5.93,6.07,6.08,-0.01,-0.16,49697.01,29902.553,-0.024711696869851786
482,482,000620.SZ,20180412,6.03,6.08,5.91,6.08,6.03,0.05,0.83,63923.62,38153.857,-0.07236842105263164
483,483,000620.SZ,20180411,6.05,6.07,6.0,6.03,6.02,0.01,0.17,32500.68,19597.195,-0.03150912106135993
484,484,000620.SZ,20180410,6.07,6.08,5.95,6.02,6.07,-0.05,-0.82,45088.57,27094.362999999998,-0.019933554817275618
485,485,000620.SZ,20180409,6.03,6.1,6.01,6.07,6.05,0.02,0.33,29592.22,17925.913,-0.0197693574958814
486,486,000620.SZ,20180404,6.05,6.23,6.05,6.05,6.05,0.0,0.0,36472.2,22328.03,-0.03801652892561976
487,487,000620.SZ,20180403,6.06,6.12,6.02,6.05,6.19,-0.14,-2.26,52992.05,32085.648999999998,-0.04297520661157021
488,488,000620.SZ,20180402,6.24,6.34,6.16,6.19,6.12,0.07,1.14,79146.4,49554.882000000005,-0.07431340872374798
489,489,000620.SZ,20180330,6.13,6.16,6.06,6.12,6.16,-0.04,-0.65,43651.04,26643.234,-0.06699346405228761
490,490,000620.SZ,20180329,6.11,6.24,6.02,6.16,6.15,0.01,0.16,70721.0,43220.733,-0.07305194805194808
491,491,000620.SZ,20180328,6.23,6.36,6.15,6.15,6.45,-0.3,-4.65,116385.97,72549.713,-0.06504065040650411
492,492,000620.SZ,20180327,6.5,6.78,6.45,6.45,6.47,-0.02,-0.31,233050.79,153699.896,-0.10542635658914738
493,493,000620.SZ,20180326,5.88,6.5,5.78,6.47,6.23,0.24,3.85,142411.81,87285.712,-0.1035548686244204
494,494,000620.SZ,20180323,6.17,6.58,6.01,6.23,6.17,0.06,0.97,139281.97,87212.32400000001,-0.048154093097913436
495,495,000620.SZ,20180322,6.1,6.19,6.04,6.17,6.07,0.1,1.65,40555.4,24862.182999999997,-0.053484602917341986
496,496,000620.SZ,20180321,6.05,6.16,6.03,6.07,6.08,-0.01,-0.16,30710.91,18689.98,-0.029654036243822172
497,497,000620.SZ,20180320,6.19,6.19,6.01,6.08,6.21,-0.13,-2.09,44347.56,26945.868,-0.008223684210526286
498,498,000620.SZ,20180319,6.3,6.31,6.17,6.21,6.3,-0.09,-1.43,54680.06,34005.371,-0.019323671497584557
499,499,000620.SZ,20180316,6.14,6.36,6.14,6.3,6.11,0.19,3.11,81081.65,50925.486,-0.03174603174603177
500,500,000620.SZ,20180315,6.12,6.21,6.05,6.11,6.2,-0.09,-1.45,46757.06,28600.692000000003,0.009819967266775713
501,501,000620.SZ,20180314,6.2,6.35,6.16,6.2,6.32,-0.12,-1.9,61203.65,38130.429,-0.02096774193548385
502,502,000620.SZ,20180313,6.1,6.48,6.08,6.32,6.12,0.2,3.27,98751.68,62252.856,-0.037974683544303826
503,503,000620.SZ,20180312,6.05,6.12,6.02,6.12,6.05,0.07,1.16,41091.66,24927.874,-0.014705882352941154
504,504,000620.SZ,20180309,6.05,6.06,6.0,6.05,6.03,0.02,0.33,19862.67,11972.542,-0.004958677685950454
505,505,000620.SZ,20180308,6.1,6.14,5.99,6.03,6.12,-0.09,-1.47,29971.82,18070.174,0.006633499170812609
506,506,000620.SZ,20180307,6.14,6.16,6.07,6.12,6.14,-0.02,-0.33,22383.18,13678.518999999998,-0.011437908496732072
507,507,000620.SZ,20180306,6.13,6.19,6.09,6.14,6.14,0.0,0.0,28805.52,17682.48,-0.014657980456026036
508,508,000620.SZ,20180305,6.15,6.19,6.1,6.14,6.13,0.01,0.16,20795.92,12775.021999999999,0.008143322475570149
509,509,000620.SZ,20180302,6.16,6.19,6.09,6.13,6.18,-0.05,-0.81,35160.03,21573.112999999998,-0.0016313213703099162
510,510,000620.SZ,20180301,6.16,6.24,6.14,6.18,6.22,-0.04,-0.64,27859.68,17219.628,-0.003236245954692488
511,511,000620.SZ,20180228,6.12,6.25,6.09,6.22,6.18,0.04,0.65,30534.35,18868.839,-0.011254019292604405
512,512,000620.SZ,20180227,6.12,6.21,6.1,6.18,6.16,0.02,0.32,24698.66,15213.401000000002,0.04368932038834959
513,513,000620.SZ,20180226,6.08,6.17,6.05,6.16,6.09,0.07,1.15,35486.81,21727.975,0.05032467532467526
514,514,000620.SZ,20180223,6.15,6.15,6.06,6.09,6.14,-0.05,-0.81,22061.12,13447.152,0.02298850574712653
515,515,000620.SZ,20180222,6.18,6.24,6.12,6.14,6.18,-0.04,-0.65,22379.23,13756.628,0.00488599348534206
516,516,000620.SZ,20180214,5.94,6.19,5.89,6.18,6.0,0.18,3.0,40795.7,24855.37,-0.01779935275080897
517,517,000620.SZ,20180213,5.89,6.0,5.78,6.0,5.87,0.13,2.21,34695.46,20421.286,0.013333333333333345
518,518,000620.SZ,20180212,5.85,5.95,5.83,5.87,5.85,0.02,0.34,21731.8,12778.091,0.05792163543441224
519,519,000620.SZ,20180209,5.93,5.93,5.73,5.85,6.0,-0.15,-2.5,34399.2,20109.86,0.07692307692307696
520,520,000620.SZ,20180208,6.05,6.06,5.92,6.0,6.06,-0.06,-0.99,23481.3,14090.033000000001,0.018333333333333385
521,521,000620.SZ,20180207,5.95,6.09,5.92,6.06,5.98,0.08,1.34,50365.87,30378.31,0.023102310231023198
522,522,000620.SZ,20180206,5.84,6.0,5.84,5.98,6.03,-0.05,-0.83,45315.16,26869.512000000002,0.05685618729096987
523,523,000620.SZ,20180205,5.91,6.06,5.85,6.03,6.03,0.0,0.0,31864.26,18933.081000000002,0.014925373134328334
524,524,000620.SZ,20180202,6.0,6.03,5.75,6.03,5.99,0.04,0.67,37042.36,21803.235,0.0033167495854062308
525,525,000620.SZ,20180201,6.01,6.17,5.9,5.99,6.13,-0.14,-2.28,45345.35,27315.135,0.0066777963272120254
526,526,000620.SZ,20180131,6.06,6.3,5.99,6.13,6.45,-0.32,-4.96,116291.84,70900.292,-0.0016313213703099162
527,527,000620.SZ,20180130,6.55,6.96,6.45,6.45,6.33,0.12,1.9,163322.63,110214.025,-0.048062015503876045
528,528,000620.SZ,20180129,6.65,6.7,6.32,6.33,6.65,-0.32,-4.81,49529.29,32081.591,-0.0300157977883097
529,529,000620.SZ,20180126,6.62,6.73,6.61,6.65,6.67,-0.02,-0.3,27807.0,18559.693,-0.07819548872180458
530,530,000620.SZ,20180125,6.65,6.76,6.59,6.67,6.7,-0.03,-0.45,52646.51,35184.34,-0.07346326836581712
531,531,000620.SZ,20180124,6.55,6.74,6.5,6.7,6.52,0.18,2.76,63315.86,42249.357,-0.07164179104477618
532,532,000620.SZ,20180123,6.49,6.61,6.47,6.52,6.54,-0.02,-0.31,29539.17,19376.671000000002,-0.052147239263803664
533,533,000620.SZ,20180122,6.4,6.6,6.33,6.54,6.44,0.1,1.55,31826.47,20649.828999999998,-0.058103975535168176
534,534,000620.SZ,20180119,6.43,6.54,6.41,6.44,6.43,0.01,0.16,25932.2,16825.216,-0.054347826086956603
535,535,000620.SZ,20180118,6.42,6.56,6.41,6.43,6.51,-0.08,-1.23,24922.91,16148.243,-0.045101088646967345
536,536,000620.SZ,20180117,6.65,6.65,6.44,6.51,6.65,-0.14,-2.11,50982.22,33307.864,-0.050691244239631346
537,537,000620.SZ,20180116,6.37,6.78,6.32,6.65,6.38,0.27,4.23,104737.24,69212.402,-0.09774436090225569
538,538,000620.SZ,20180115,6.4,6.5,6.3,6.38,6.45,-0.07,-1.09,46397.38,29773.242000000002,-0.07993730407523508
539,539,000620.SZ,20180112,6.39,6.51,6.33,6.45,6.4,0.05,0.78,43655.15,28230.127999999997,-0.09302325581395357
540,540,000620.SZ,20180111,6.33,6.4,6.25,6.4,6.39,0.01,0.16,33950.02,21440.991,-0.06250000000000006
541,541,000620.SZ,20180110,6.45,6.45,6.31,6.39,6.5,-0.11,-1.69,36921.0,23575.725,-0.05164319248826293
542,542,000620.SZ,20180109,6.44,6.5,6.35,6.5,6.49,0.01,0.15,59984.68,38528.751000000004,-0.07999999999999993
543,543,000620.SZ,20180108,6.35,6.5,6.31,6.49,6.31,0.18,2.85,106412.32,68137.132,-0.07087827426810477
544,544,000620.SZ,20180105,5.97,6.32,5.93,6.31,6.02,0.29,4.82,99413.99,61052.985,-0.04437400950871623
545,545,000620.SZ,20180104,5.8,6.03,5.77,6.02,5.79,0.23,3.97,55098.32,32557.117000000002,-0.004983388704318831
546,546,000620.SZ,20180103,5.74,5.83,5.74,5.79,5.79,0.0,0.0,26168.78,15146.598999999998,0.05872193436960274
547,547,000620.SZ,20180102,5.71,5.84,5.67,5.79,5.7,0.09,1.58,36598.83,21094.227000000003,0.11398963730569951
