,Unnamed: 0,ts_code,trade_date,open,high,low,close,pre_close,change,pct_chg,vol,amount,yield
0,0,000928.SZ,20200403,4.14,4.16,4.09,4.09,4.15,-0.06,-1.4458,82430.44,33959.055,
1,1,000928.SZ,20200402,4.05,4.15,4.05,4.15,4.1,0.05,1.2195,84169.41,34471.193999999996,
2,2,000928.SZ,20200401,4.11,4.17,4.08,4.1,4.14,-0.04,-0.9662,79635.22,32843.179,
3,3,000928.SZ,20200331,4.19,4.22,4.12,4.14,4.17,-0.03,-0.7194,76226.48,31758.996,
4,4,000928.SZ,20200330,4.17,4.18,4.06,4.17,4.2,-0.03,-0.7143,114466.75,47149.708,
5,5,000928.SZ,20200327,4.2,4.29,4.16,4.2,4.15,0.05,1.2048,130967.86,55431.029,
6,6,000928.SZ,20200326,4.22,4.25,4.15,4.15,4.26,-0.11,-2.5822,102496.99,43023.82,
7,7,000928.SZ,20200325,4.16,4.27,4.16,4.26,4.12,0.14,3.3981,143952.71,60705.575,
8,8,000928.SZ,20200324,4.08,4.14,3.99,4.12,4.01,0.11,2.7431,112324.0,45632.72900000001,
9,9,000928.SZ,20200323,4.17,4.2,4.0,4.01,4.25,-0.24,-5.6471,135819.75,55884.778,
10,10,000928.SZ,20200320,4.26,4.27,4.15,4.25,4.21,0.04,0.9501,127728.09,53884.467000000004,
11,11,000928.SZ,20200319,4.16,4.24,4.05,4.21,4.21,0.0,0.0,171792.31,71244.133,
12,12,000928.SZ,20200318,4.43,4.44,4.21,4.21,4.38,-0.17,-3.8813,247644.25,107389.95199999999,
13,13,000928.SZ,20200317,4.57,4.7,4.26,4.38,4.69,-0.31,-6.6098,365513.44,160845.09900000002,
14,14,000928.SZ,20200316,5.08,5.14,4.69,4.69,5.02,-0.33,-6.5737,352692.91,173401.34,
15,15,000928.SZ,20200313,4.99,5.19,4.9,5.02,5.31,-0.29,-5.4614,514851.06,259382.417,
16,16,000928.SZ,20200312,4.93,5.4,4.9,5.31,4.91,0.4,8.1466,785645.55,408225.126,
17,17,000928.SZ,20200311,4.92,5.04,4.85,4.91,4.93,-0.02,-0.4057,250050.78,123752.49699999999,
18,18,000928.SZ,20200310,4.8,4.98,4.65,4.93,4.88,0.05,1.0246,295174.1,142247.664,
19,19,000928.SZ,20200309,5.06,5.18,4.88,4.88,5.13,-0.25,-4.8733,375877.54,188759.169,
20,20,000928.SZ,20200306,5.04,5.27,5.03,5.13,5.1,0.03,0.5882,377156.31,195064.38600000003,-0.202729044834308
21,21,000928.SZ,20200305,5.26,5.27,5.03,5.1,5.21,-0.11,-2.1113,450333.82,230358.859,-0.18627450980392143
22,22,000928.SZ,20200304,5.17,5.32,5.1,5.21,5.26,-0.05,-0.9506,445451.09,231185.272,-0.21305182341650677
23,23,000928.SZ,20200303,5.35,5.46,5.22,5.26,5.49,-0.23,-4.1894,748969.42,398800.792,-0.2129277566539924
24,24,000928.SZ,20200302,4.95,5.56,4.9,5.49,5.1,0.39,7.6471,1116451.79,587270.871,-0.2404371584699454
25,25,000928.SZ,20200228,4.67,5.26,4.61,5.1,4.78,0.32,6.6946,970145.13,494199.774,-0.17647058823529402
26,26,000928.SZ,20200227,4.6,4.78,4.53,4.78,4.66,0.12,2.5751,286348.17,133132.75,-0.1317991631799163
27,27,000928.SZ,20200226,4.46,4.93,4.38,4.66,4.49,0.17,3.7862,368455.22,172581.056,-0.0858369098712447
28,28,000928.SZ,20200225,4.48,4.57,4.36,4.49,4.56,-0.07,-1.5351,197818.67,88639.60800000001,-0.08240534521158131
29,29,000928.SZ,20200224,4.4,4.56,4.38,4.56,4.37,0.19,4.3478,237890.94,106178.68400000001,-0.12061403508771927
30,30,000928.SZ,20200221,4.4,4.44,4.36,4.37,4.41,-0.04,-0.907,159505.15,70036.384,-0.027459954233409634
31,31,000928.SZ,20200220,4.39,4.42,4.34,4.41,4.4,0.01,0.2273,124649.08,54603.504,-0.045351473922902535
32,32,000928.SZ,20200219,4.43,4.43,4.37,4.4,4.42,-0.02,-0.4525,65061.98,28614.273999999998,-0.043181818181818266
33,33,000928.SZ,20200218,4.39,4.43,4.37,4.42,4.39,0.03,0.6834,78034.95,34348.88,-0.009049773755656116
34,34,000928.SZ,20200217,4.31,4.4,4.31,4.39,4.3,0.09,2.093,71083.21,30989.037,0.06833712984054686
35,35,000928.SZ,20200214,4.32,4.35,4.28,4.3,4.33,-0.03,-0.6928,57941.2,24939.884,0.16744186046511622
36,36,000928.SZ,20200213,4.37,4.39,4.32,4.33,4.39,-0.06,-1.3667,56201.39,24409.523999999998,0.22632794457274816
37,37,000928.SZ,20200212,4.32,4.41,4.31,4.39,4.35,0.04,0.9195,82064.35,35756.65,0.11845102505694773
38,38,000928.SZ,20200211,4.47,4.47,4.31,4.35,4.48,-0.13,-2.9018,151897.8,66210.20599999999,0.13333333333333336
39,39,000928.SZ,20200210,4.61,4.79,4.46,4.48,4.73,-0.25,-5.2854,205445.83,93690.58099999999,0.08928571428571416
40,40,000928.SZ,20200207,4.66,4.94,4.52,4.73,4.51,0.22,4.878,370063.51,173932.121,0.08456659619450305
41,41,000928.SZ,20200206,4.2,4.51,4.11,4.51,4.1,0.41,10.0,132308.13,57127.280999999995,0.13082039911308202
42,42,000928.SZ,20200205,3.9,4.15,3.87,4.1,3.86,0.24,6.2176,152279.91,61438.247,0.27073170731707324
43,43,000928.SZ,20200204,3.68,3.95,3.67,3.86,4.02,-0.16,-3.9801,140731.73,54168.344000000005,0.3626943005181347
44,44,000928.SZ,20200203,4.02,4.02,4.02,4.02,4.47,-0.45,-10.0671,17267.0,6941.334,0.365671641791045
45,45,000928.SZ,20200123,4.62,4.65,4.44,4.47,4.66,-0.19,-4.0773,69729.42,31598.486,0.14093959731543623
46,46,000928.SZ,20200122,4.61,4.67,4.54,4.66,4.63,0.03,0.6479,46211.48,21355.786,0.02575107296137341
47,47,000928.SZ,20200121,4.75,4.75,4.62,4.63,4.75,-0.12,-2.5263,54453.42,25453.112,0.006479481641468736
48,48,000928.SZ,20200120,4.69,4.75,4.64,4.75,4.7,0.05,1.0638,48674.16,22885.56,-0.05473684210526311
49,49,000928.SZ,20200117,4.73,4.76,4.68,4.7,4.71,-0.01,-0.2123,57113.68,26918.595,-0.02978723404255331
50,50,000928.SZ,20200116,4.82,4.83,4.69,4.71,4.8,-0.09,-1.875,64874.24,30788.405,-0.07218683651804668
51,51,000928.SZ,20200115,4.89,4.89,4.77,4.8,4.88,-0.08,-1.6393,62161.15,29898.73,-0.08124999999999993
52,52,000928.SZ,20200114,4.9,4.92,4.87,4.88,4.9,-0.02,-0.4082,40921.0,20020.046000000002,-0.09836065573770482
53,53,000928.SZ,20200113,4.9,4.9,4.85,4.9,4.88,0.02,0.4098,39323.85,19189.513,-0.09795918367346947
54,54,000928.SZ,20200110,4.93,4.94,4.87,4.88,4.94,-0.06,-1.2146,45549.87,22299.738999999998,-0.10040983606557381
55,55,000928.SZ,20200109,4.94,4.99,4.91,4.94,4.9,0.04,0.8163,43777.62,21666.939,-0.12955465587044546
56,56,000928.SZ,20200108,4.98,5.01,4.89,4.9,5.01,-0.11,-2.1956,73375.38,36242.585,-0.11632653061224495
57,57,000928.SZ,20200107,4.92,5.04,4.91,5.01,4.88,0.13,2.6639,82059.58,40882.494,-0.12375249500998006
58,58,000928.SZ,20200106,4.9,4.97,4.82,4.88,4.9,-0.02,-0.4082,77589.16,37965.168,-0.10860655737704923
59,59,000928.SZ,20200103,4.93,4.95,4.88,4.9,4.91,-0.01,-0.2037,62909.77,30912.001,-0.08571428571428569
60,60,000928.SZ,20200102,4.9,4.95,4.89,4.91,4.85,0.06,1.2371,77581.26,38108.268,-0.036659877800407276
61,61,000928.SZ,20191231,4.81,4.96,4.81,4.85,4.75,0.1,2.1053,104892.85,51131.937999999995,-0.07010309278350513
62,62,000928.SZ,20191230,4.68,4.77,4.64,4.75,4.67,0.08,1.7131,61942.54,29297.425,-0.13684210526315796
63,63,000928.SZ,20191227,4.67,4.74,4.66,4.67,4.67,0.0,0.0,55317.82,25990.932999999997,-0.1734475374732334
64,64,000928.SZ,20191226,4.63,4.67,4.63,4.67,4.63,0.04,0.8639,24238.55,11279.76,-0.13918629550321207
65,65,000928.SZ,20191225,4.72,4.72,4.61,4.63,4.7,-0.07,-1.4894,42799.03,19911.854,-0.03455723542116634
66,66,000928.SZ,20191224,4.67,4.71,4.65,4.7,4.67,0.03,0.6424,26464.4,12393.14,-0.008510638297872348
67,67,000928.SZ,20191223,4.78,4.79,4.65,4.67,4.75,-0.08,-1.6842,47479.32,22351.946,-0.00856531049250536
68,68,000928.SZ,20191220,4.74,4.82,4.74,4.75,4.74,0.01,0.21100000000000002,70530.93,33715.913,0.0
69,69,000928.SZ,20191219,4.72,4.75,4.7,4.74,4.69,0.05,1.0661,38871.82,18376.913,-0.008438818565400852
70,70,000928.SZ,20191218,4.72,4.76,4.69,4.69,4.74,-0.05,-1.0549,61407.8,28971.568,0.0042643923240937255
71,71,000928.SZ,20191217,4.62,4.75,4.62,4.74,4.64,0.1,2.1552,70549.42,33240.998,0.012658227848101182
72,72,000928.SZ,20191216,4.61,4.67,4.6,4.64,4.58,0.06,1.31,58631.15,27158.592,0.05172413793103453
73,73,000928.SZ,20191213,4.5,4.59,4.5,4.58,4.49,0.09,2.0045,56361.84,25645.98,0.06986899563318784
74,74,000928.SZ,20191212,4.51,4.53,4.47,4.49,4.51,-0.02,-0.4435,26447.39,11895.7,0.08685968819599102
75,75,000928.SZ,20191211,4.55,4.55,4.5,4.51,4.54,-0.03,-0.6608,33812.2,15278.211000000001,0.0953436807095345
76,76,000928.SZ,20191210,4.58,4.58,4.51,4.54,4.56,-0.02,-0.4386,32149.94,14581.296999999999,0.0792951541850221
77,77,000928.SZ,20191209,4.56,4.59,4.54,4.56,4.55,0.01,0.2198,30603.11,13970.577,0.09868421052631583
78,78,000928.SZ,20191206,4.57,4.59,4.52,4.55,4.57,-0.02,-0.4376,37303.73,16989.335,0.07252747252747255
79,79,000928.SZ,20191205,4.59,4.63,4.54,4.57,4.59,-0.02,-0.4357,44439.6,20333.725,0.07221006564551423
80,80,000928.SZ,20191204,4.58,4.6,4.51,4.59,4.59,0.0,0.0,34117.94,15526.1,0.0697167755991286
81,81,000928.SZ,20191203,4.59,4.59,4.53,4.59,4.62,-0.03,-0.6494,30007.25,13695.005,0.056644880174291895
82,82,000928.SZ,20191202,4.63,4.67,4.6,4.62,4.62,0.0,0.0,30019.51,13899.34,0.028138528138528116
83,83,000928.SZ,20191129,4.59,4.63,4.54,4.62,4.62,0.0,0.0,23575.82,10802.733999999999,0.010822510822510784
84,84,000928.SZ,20191128,4.6,4.69,4.57,4.62,4.62,0.0,0.0,33485.33,15459.41,0.010822510822510784
85,85,000928.SZ,20191127,4.59,4.69,4.57,4.62,4.58,0.04,0.8734,44976.12,20854.313000000002,0.002164502164502118
86,86,000928.SZ,20191126,4.69,4.69,4.57,4.58,4.69,-0.11,-2.3454,45003.89,20770.677,0.026200873362445438
87,87,000928.SZ,20191125,4.54,4.7,4.49,4.69,4.54,0.15,3.304,83248.4,38634.737,-0.0042643923240939146
88,88,000928.SZ,20191122,4.46,4.55,4.44,4.54,4.47,0.07,1.5659999999999998,40384.68,18203.892,0.04625550660792951
89,89,000928.SZ,20191121,4.47,4.51,4.44,4.47,4.51,-0.04,-0.8869,31264.33,13950.548,0.060402684563758496
90,90,000928.SZ,20191120,4.58,4.58,4.5,4.51,4.57,-0.06,-1.3129,27456.6,12459.919,0.03991130820399127
91,91,000928.SZ,20191119,4.46,4.62,4.44,4.57,4.46,0.11,2.4664,53947.4,24648.071,0.037199124726477004
92,92,000928.SZ,20191118,4.45,4.47,4.38,4.46,4.46,0.0,0.0,45209.51,19977.205,0.04035874439461877
93,93,000928.SZ,20191115,4.52,4.52,4.41,4.46,4.51,-0.05,-1.1086,37336.6,16661.313000000002,0.02690582959641258
94,94,000928.SZ,20191114,4.53,4.57,4.5,4.51,4.52,-0.01,-0.2212,35100.02,15888.463,-0.0044345898004433644
95,95,000928.SZ,20191113,4.6,4.62,4.51,4.52,4.62,-0.1,-2.1645,38329.4,17436.718,-0.0022123893805309266
96,96,000928.SZ,20191112,4.56,4.62,4.54,4.62,4.6,0.02,0.4348,37633.51,17248.616,-0.01731601731601733
97,97,000928.SZ,20191111,4.88,4.88,4.53,4.6,4.87,-0.27,-5.5441,100081.66,46825.40900000001,-0.008695652173913052
98,98,000928.SZ,20191108,4.91,4.93,4.86,4.87,4.88,-0.01,-0.2049,26622.42,13031.292,-0.06570841889117049
99,99,000928.SZ,20191107,4.92,4.93,4.84,4.88,4.92,-0.04,-0.813,41952.6,20492.931,-0.06352459016393434
100,100,000928.SZ,20191106,5.01,5.01,4.9,4.92,5.01,-0.09,-1.7964,41672.4,20593.734,-0.06707317073170734
101,101,000928.SZ,20191105,4.99,5.03,4.99,5.01,4.99,0.02,0.4008,29094.82,14571.575,-0.08383233532934131
102,102,000928.SZ,20191104,5.02,5.05,4.99,4.99,5.02,-0.03,-0.5976,35574.51,17818.307,-0.07414829659318639
103,103,000928.SZ,20191101,4.97,5.04,4.9,5.02,4.97,0.05,1.006,26751.15,13361.517,-0.07968127490039831
104,104,000928.SZ,20191031,5.05,5.08,4.95,4.97,5.07,-0.1,-1.9724,38378.0,19283.568,-0.07042253521126754
105,105,000928.SZ,20191030,5.14,5.14,5.04,5.07,5.12,-0.05,-0.9766,32404.91,16423.32,-0.08875739644970418
106,106,000928.SZ,20191029,5.19,5.19,5.12,5.12,5.17,-0.05,-0.9671,22600.24,11612.312,-0.10546875
107,107,000928.SZ,20191028,5.11,5.18,5.06,5.17,5.1,0.07,1.3725,56272.93,28894.178,-0.09284332688587998
108,108,000928.SZ,20191025,5.1,5.11,5.04,5.1,5.09,0.01,0.1965,24945.02,12669.948,-0.10980392156862738
109,109,000928.SZ,20191024,5.09,5.12,5.08,5.09,5.1,-0.01,-0.1961,21059.9,10734.16,-0.12180746561886054
110,110,000928.SZ,20191023,5.16,5.17,5.08,5.1,5.16,-0.06,-1.1628,22229.6,11370.823999999999,-0.1156862745098039
111,111,000928.SZ,20191022,5.14,5.17,5.11,5.16,5.15,0.01,0.1942,19149.52,9851.056,-0.1143410852713178
112,112,000928.SZ,20191021,5.08,5.15,5.01,5.15,5.1,0.05,0.9804,38084.78,19326.624,-0.13398058252427192
113,113,000928.SZ,20191018,5.23,5.24,5.05,5.1,5.23,-0.13,-2.4857,62554.35,32217.014,-0.12549019607843132
114,114,000928.SZ,20191017,5.25,5.25,5.21,5.23,5.23,0.0,0.0,18186.93,9512.933,-0.13766730401529648
115,115,000928.SZ,20191016,5.24,5.27,5.22,5.23,5.23,0.0,0.0,24070.69,12621.213,-0.13575525812619518
116,116,000928.SZ,20191015,5.29,5.3,5.22,5.23,5.3,-0.07,-1.3208,28166.2,14780.188,-0.11663479923518169
117,117,000928.SZ,20191014,5.27,5.33,5.27,5.3,5.25,0.05,0.9524,43034.59,22830.369,-0.13207547169811323
118,118,000928.SZ,20191011,5.31,5.31,5.24,5.25,5.29,-0.04,-0.7561,27589.4,14537.992,-0.07238095238095237
119,119,000928.SZ,20191010,5.21,5.34,5.21,5.29,5.21,0.08,1.5355,39935.38,21139.732999999997,-0.07750472589792064
120,120,000928.SZ,20191009,5.16,5.22,5.16,5.21,5.19,0.02,0.3854,23059.82,11977.808,-0.055662188099808066
121,121,000928.SZ,20191008,5.17,5.22,5.15,5.19,5.16,0.03,0.5814,29784.82,15436.853000000001,-0.034682080924855606
122,122,000928.SZ,20190930,5.16,5.2,5.16,5.16,5.16,0.0,0.0,26661.0,13806.942,-0.03294573643410851
123,123,000928.SZ,20190927,5.16,5.21,5.14,5.16,5.14,0.02,0.3891,33217.73,17177.717,-0.027131782945736545
124,124,000928.SZ,20190926,5.23,5.24,5.14,5.14,5.21,-0.07,-1.3436,46446.0,24089.481,-0.03307392996108948
125,125,000928.SZ,20190925,5.3,5.3,5.2,5.21,5.31,-0.1,-1.8832,61664.89,32279.922000000002,-0.026871401151631415
126,126,000928.SZ,20190924,5.3,5.36,5.29,5.31,5.3,0.01,0.1887,38973.4,20739.173,-0.035781544256120436
127,127,000928.SZ,20190923,5.41,5.41,5.25,5.3,5.42,-0.12,-2.214,60924.06,32381.659,-0.024528301886792434
128,128,000928.SZ,20190920,5.42,5.45,5.35,5.42,5.4,0.02,0.3704,58321.6,31503.603,-0.05904059040590411
129,129,000928.SZ,20190919,5.43,5.43,5.35,5.4,5.4,0.0,0.0,61174.74,32883.13,-0.0574074074074075
130,130,000928.SZ,20190918,5.47,5.47,5.4,5.4,5.45,-0.05,-0.9174,67255.0,36542.746,-0.055555555555555684
131,131,000928.SZ,20190917,5.62,5.62,5.41,5.45,5.64,-0.19,-3.3688,111025.42,61082.518,-0.05321100917431193
132,132,000928.SZ,20190916,5.72,5.76,5.59,5.64,5.72,-0.08,-1.3986,98456.94,55820.504,-0.08687943262411336
133,133,000928.SZ,20190912,5.67,5.77,5.63,5.72,5.66,0.06,1.0601,130189.65,74271.526,-0.10839160839160841
134,134,000928.SZ,20190911,5.67,5.71,5.6,5.66,5.65,0.01,0.177,125416.27,70966.995,-0.0759717314487632
135,135,000928.SZ,20190910,5.63,5.69,5.57,5.65,5.65,0.0,0.0,90841.83,50975.494000000006,-0.07433628318584069
136,136,000928.SZ,20190909,5.61,5.65,5.55,5.65,5.55,0.1,1.8018,111401.21,62464.672999999995,-0.07433628318584069
137,137,000928.SZ,20190906,5.62,5.65,5.51,5.55,5.61,-0.06,-1.0695,85462.13,47641.223,-0.04504504504504505
138,138,000928.SZ,20190905,5.63,5.7,5.59,5.61,5.61,0.0,0.0,163978.49,92564.698,-0.06417112299465245
139,139,000928.SZ,20190904,5.53,5.68,5.41,5.61,5.54,0.07,1.2635,138743.55,77510.433,-0.05704099821746885
140,140,000928.SZ,20190903,5.58,5.6,5.47,5.54,5.57,-0.03,-0.5386,73542.18,40688.505,-0.05956678700361012
141,141,000928.SZ,20190902,5.49,5.61,5.45,5.57,5.49,0.08,1.4572,75316.28,41878.035,-0.06822262118491919
142,142,000928.SZ,20190830,5.64,5.64,5.47,5.49,5.6,-0.11,-1.9643,82709.38,45858.560999999994,-0.06010928961748635
143,143,000928.SZ,20190829,5.6,5.71,5.56,5.6,5.63,-0.03,-0.5329,109198.9,61478.655,-0.07857142857142849
144,144,000928.SZ,20190828,5.66,5.79,5.6,5.63,5.71,-0.08,-1.4011,162515.81,92251.45,-0.08703374777975137
145,145,000928.SZ,20190827,5.57,5.79,5.46,5.71,5.5,0.21,3.8182,308701.24,173849.65600000002,-0.08756567425569177
146,146,000928.SZ,20190826,5.3,5.58,5.18,5.5,5.31,0.19,3.5782,172650.09,92692.57699999999,-0.034545454545454615
147,147,000928.SZ,20190823,5.27,5.39,5.23,5.31,5.27,0.04,0.759,74519.17,39703.041,-0.0018832391713747246
148,148,000928.SZ,20190822,5.26,5.3,5.23,5.27,5.29,-0.02,-0.3781,44105.02,23173.318,0.02846299810246686
149,149,000928.SZ,20190821,5.28,5.32,5.25,5.29,5.31,-0.02,-0.3766,46700.78,24700.566000000003,0.020793950850661685
150,150,000928.SZ,20190820,5.36,5.39,5.29,5.31,5.37,-0.06,-1.1173,66670.55,35520.027,0.016949152542373024
151,151,000928.SZ,20190819,5.21,5.37,5.21,5.37,5.21,0.16,3.071,84688.42,44785.672999999995,0.014897579143389213
152,152,000928.SZ,20190816,5.2,5.25,5.17,5.21,5.2,0.01,0.1923,44222.0,23070.11,0.08253358925143948
153,153,000928.SZ,20190815,5.1,5.21,5.03,5.2,5.19,0.01,0.1927,56005.31,28662.381,0.09999999999999991
154,154,000928.SZ,20190814,5.21,5.26,5.18,5.19,5.13,0.06,1.1696,45323.62,23572.549,0.09055876685934484
155,155,000928.SZ,20190813,5.14,5.19,5.11,5.13,5.19,-0.06,-1.1561,42650.32,21983.99,0.10136452241715409
156,156,000928.SZ,20190812,5.16,5.19,5.09,5.19,5.12,0.07,1.3672,45059.6,23189.547000000002,0.0886319845857418
157,157,000928.SZ,20190809,5.2,5.23,5.1,5.12,5.18,-0.06,-1.1583,55545.84,28662.177000000003,0.08398437499999994
158,158,000928.SZ,20190808,5.25,5.28,5.16,5.18,5.24,-0.06,-1.145,51791.11,26989.812,0.08301158301158314
159,159,000928.SZ,20190807,5.28,5.35,5.22,5.24,5.27,-0.03,-0.5693,45532.72,24047.291,0.07061068702290078
160,160,000928.SZ,20190806,5.25,5.29,5.03,5.27,5.38,-0.11,-2.0446,146548.27,76091.758,0.051233396584440316
161,161,000928.SZ,20190805,5.34,5.43,5.29,5.38,5.4,-0.02,-0.3704,92384.82,49632.872,0.035315985130111596
162,162,000928.SZ,20190802,5.39,5.44,5.31,5.4,5.46,-0.06,-1.0989,95413.65,51374.073,0.01666666666666664
163,163,000928.SZ,20190801,5.51,5.52,5.41,5.46,5.52,-0.06,-1.087,83564.46,45642.444,0.02564102564102558
164,164,000928.SZ,20190731,5.63,5.65,5.5,5.52,5.72,-0.2,-3.4965,142023.82,78750.947,0.01992753623188412
165,165,000928.SZ,20190730,5.65,5.74,5.61,5.72,5.62,0.1,1.7794,105219.98,59950.323,-0.001748251748251711
166,166,000928.SZ,20190729,5.61,5.63,5.57,5.62,5.59,0.03,0.5367,46943.6,26270.803,-0.021352313167259804
167,167,000928.SZ,20190726,5.52,5.61,5.52,5.59,5.55,0.04,0.7207,52795.3,29399.752,-0.05008944543828269
168,168,000928.SZ,20190725,5.54,5.58,5.49,5.55,5.5,0.05,0.9091,60864.62,33771.013999999996,-0.0504504504504505
169,169,000928.SZ,20190724,5.41,5.54,5.41,5.5,5.4,0.1,1.8519,62630.52,34436.026,-0.03818181818181818
170,170,000928.SZ,20190723,5.36,5.42,5.34,5.4,5.36,0.04,0.7463,37761.35,20364.519,-0.016666666666666805
171,171,000928.SZ,20190722,5.51,5.55,5.35,5.36,5.5,-0.14,-2.5455,77528.42,41888.317,0.0018656716417910048
172,172,000928.SZ,20190719,5.48,5.58,5.47,5.5,5.47,0.03,0.5484,54224.21,29975.036,-0.052727272727272734
173,173,000928.SZ,20190718,5.56,5.56,5.47,5.47,5.56,-0.09,-1.6187,65232.2,35898.582,-0.04936014625228512
174,174,000928.SZ,20190717,5.61,5.61,5.54,5.56,5.59,-0.03,-0.5367,50613.6,28207.025,-0.06654676258992792
175,175,000928.SZ,20190716,5.58,5.64,5.55,5.59,5.58,0.01,0.1792,52059.7,29146.175,-0.08228980322003578
176,176,000928.SZ,20190715,5.52,5.62,5.41,5.58,5.53,0.05,0.9042,84537.51,46721.45,-0.06989247311827951
177,177,000928.SZ,20190712,5.51,5.57,5.45,5.53,5.54,-0.01,-0.1805,73487.26,40578.866,-0.07414104882459314
178,178,000928.SZ,20190711,5.55,5.61,5.51,5.54,5.54,0.0,0.0,46605.17,25938.26,-0.06498194945848382
179,179,000928.SZ,20190710,5.58,5.62,5.51,5.54,5.63,-0.09,-1.5986,60951.78,33890.936,-0.05415162454873643
180,180,000928.SZ,20190709,5.53,5.63,5.46,5.63,5.52,0.11,1.9928,88041.65,48787.484000000004,-0.06394316163410307
181,181,000928.SZ,20190708,5.76,5.76,5.5,5.52,5.74,-0.22,-3.8328,134641.75,75007.85,-0.025362318840579653
182,182,000928.SZ,20190705,5.76,5.78,5.7,5.74,5.74,0.0,0.0,63866.78,36647.202000000005,-0.05923344947735189
183,183,000928.SZ,20190704,5.78,5.84,5.71,5.74,5.77,-0.03,-0.5199,101187.29,58397.763,-0.04878048780487809
184,184,000928.SZ,20190703,5.87,5.88,5.73,5.77,5.92,-0.15,-2.5338,144512.45,83606.766,-0.043327556325823226
185,185,000928.SZ,20190702,5.96,6.02,5.9,5.92,5.95,-0.03,-0.5042,131121.78,77982.082,-0.03378378378378381
186,186,000928.SZ,20190701,5.93,5.97,5.88,5.95,5.81,0.14,2.4096,177293.02,105147.90800000001,-0.05546218487394959
187,187,000928.SZ,20190628,5.9,5.9,5.72,5.81,5.89,-0.08,-1.3582,143394.94,82952.50200000001,-0.03786574870912216
188,188,000928.SZ,20190627,5.91,5.97,5.84,5.89,5.86,0.03,0.5119,128473.32,75675.25,-0.057724957555178244
189,189,000928.SZ,20190626,5.92,5.96,5.86,5.86,5.92,-0.06,-1.0135,142050.28,83809.352,-0.06143344709897616
190,190,000928.SZ,20190625,6.06,6.07,5.79,5.92,6.06,-0.14,-2.3102,271679.69,159744.895,-0.08783783783783777
191,191,000928.SZ,20190624,6.2,6.22,6.0,6.06,6.2,-0.14,-2.2581,307180.68,186811.24899999998,-0.1155115511551154
192,192,000928.SZ,20190621,6.1,6.27,6.1,6.2,6.19,0.01,0.1616,413123.07,256107.76100000003,-0.11290322580645164
193,193,000928.SZ,20190620,6.11,6.29,5.99,6.19,6.19,0.0,0.0,434608.5,267533.55100000004,-0.11631663974151868
194,194,000928.SZ,20190619,6.09,6.24,6.0,6.19,6.08,0.11,1.8092,477195.14,292489.93100000004,-0.10177705977382888
195,195,000928.SZ,20190618,6.05,6.26,5.91,6.08,5.79,0.29,5.0086,529544.52,323232.053,-0.08059210526315792
196,196,000928.SZ,20190617,5.79,5.87,5.67,5.79,5.74,0.05,0.8711,141259.54,81660.063,-0.03626943005181347
197,197,000928.SZ,20190614,5.94,5.98,5.72,5.74,5.99,-0.25,-4.1736,260142.61,151904.054,-0.03658536585365853
198,198,000928.SZ,20190613,5.84,6.05,5.81,5.99,5.88,0.11,1.8707,315705.09,187588.931,-0.07512520868113526
199,199,000928.SZ,20190612,5.75,6.29,5.7,5.88,5.8,0.08,1.3793,551807.74,329209.757,-0.057823129251700654
200,200,000928.SZ,20190611,5.54,5.98,5.54,5.92,5.53,0.39,7.0524,401301.61,232459.53600000002,-0.04898648648648649
201,201,000928.SZ,20190610,5.52,5.55,5.34,5.53,5.47,0.06,1.0969,148094.25,80779.633,-0.0018083182640145886
202,202,000928.SZ,20190606,5.55,5.68,5.41,5.47,5.55,-0.08,-1.4414,161894.13,89675.40699999999,0.04936014625228528
203,203,000928.SZ,20190605,5.64,5.73,5.53,5.55,5.52,0.03,0.5435,133964.0,75356.688,0.03423423423423431
204,204,000928.SZ,20190604,5.53,5.61,5.47,5.52,5.51,0.01,0.1815,118558.9,65740.91,0.045289855072463775
205,205,000928.SZ,20190603,5.69,5.73,5.45,5.51,5.68,-0.17,-2.9930000000000003,171970.29,95840.575,0.07441016333938297
206,206,000928.SZ,20190531,5.7,5.84,5.64,5.68,5.7,-0.02,-0.3509,190320.11,108702.039,0.047535211267605716
207,207,000928.SZ,20190530,5.73,5.74,5.61,5.7,5.78,-0.08,-1.3841,188993.27,107283.463,0.019298245614034988
208,208,000928.SZ,20190529,5.6,5.87,5.56,5.78,5.6,0.18,3.2143,308048.63,177678.803,0.01903114186851201
209,209,000928.SZ,20190528,5.56,5.72,5.54,5.6,5.59,0.01,0.1789,157475.6,88830.085,0.046428571428571555
210,210,000928.SZ,20190527,5.47,5.62,5.4,5.59,5.44,0.15,2.7574,157298.57,87055.64300000001,0.05903398926654742
211,211,000928.SZ,20190524,5.42,5.61,5.36,5.44,5.51,-0.07,-1.2704,150517.8,82534.452,0.11397058823529396
212,212,000928.SZ,20190523,5.63,5.69,5.44,5.51,5.75,-0.24,-4.1739,209816.23,117075.759,0.12522686025408356
213,213,000928.SZ,20190522,5.9,5.93,5.67,5.75,5.89,-0.14,-2.3769,263562.0,152767.884,0.07652173913043485
214,214,000928.SZ,20190521,5.62,6.07,5.5,5.89,5.68,0.21,3.6972,448302.32,262899.44800000003,0.0509337860780986
215,215,000928.SZ,20190520,5.56,5.72,5.32,5.68,5.54,0.14,2.5271,215164.47,118735.69099999999,0.07042253521126768
216,216,000928.SZ,20190517,5.98,5.98,5.4,5.54,5.98,-0.44,-7.3579,392973.41,223651.218,0.04512635379061372
217,217,000928.SZ,20190516,5.59,6.08,5.57,5.98,5.61,0.37,6.5954,402706.18,237398.288,-0.04013377926421408
218,218,000928.SZ,20190515,5.57,5.64,5.54,5.61,5.52,0.09,1.6304,159268.18,89053.461,0.06773618538324419
219,219,000928.SZ,20190514,5.59,5.71,5.5,5.52,5.77,-0.25,-4.3328,241862.56,134929.72199999998,0.0652173913043479
220,220,000928.SZ,20190513,5.44,5.89,5.39,5.77,5.48,0.29,5.292000000000001,224632.9,125519.88,0.025996533795494
221,221,000928.SZ,20190510,5.41,5.57,5.17,5.48,5.34,0.14,2.6217,240729.87,131084.167,0.009124087591240842
222,222,000928.SZ,20190509,5.34,5.45,5.27,5.34,5.33,0.01,0.1876,158837.2,85439.985,0.024344569288389493
223,223,000928.SZ,20190508,5.22,5.42,5.15,5.33,5.36,-0.03,-0.5597,185693.21,98965.46,0.0412757973733583
224,224,000928.SZ,20190507,5.42,5.53,5.26,5.36,5.36,0.0,0.0,234742.09,127013.615,0.029850746268656577
225,225,000928.SZ,20190506,5.8,5.8,5.36,5.36,5.96,-0.6,-10.0671,236884.95,131464.221,0.027985074626865572
226,226,000928.SZ,20190430,5.85,6.0,5.84,5.96,5.84,0.12,2.0548,154228.93,91431.741,-0.046979865771812124
227,227,000928.SZ,20190429,6.14,6.18,5.77,5.84,6.13,-0.29,-4.7308,223889.6,132392.355,-0.023972602739725974
228,228,000928.SZ,20190426,6.24,6.35,6.1,6.13,6.14,-0.01,-0.1629,237110.38,146866.234,-0.05709624796084823
229,229,000928.SZ,20190425,6.51,6.59,6.06,6.14,6.59,-0.45,-6.8285,309998.6,194771.699,-0.08794788273615636
230,230,000928.SZ,20190424,6.48,6.59,6.3,6.59,6.44,0.15,2.3292,191669.98,123358.052,-0.15174506828528073
231,231,000928.SZ,20190423,6.8,6.8,6.39,6.44,6.92,-0.48,-6.9364,483887.19,317663.923,-0.15527950310559005
232,232,000928.SZ,20190422,7.65,7.68,6.9,6.92,7.49,-0.57,-7.6101,579600.91,416082.97799999994,-0.20375722543352603
233,233,000928.SZ,20190419,7.28,7.56,7.22,7.49,7.28,0.21,2.8846,433393.83,320531.428,-0.23230974632843793
234,234,000928.SZ,20190418,6.98,7.29,6.96,7.28,7.02,0.26,3.7037,354130.71,254273.704,-0.190934065934066
235,235,000928.SZ,20190417,7.12,7.12,6.95,7.02,7.14,-0.12,-1.6807,223731.99,157190.039,-0.19088319088319086
236,236,000928.SZ,20190416,6.89,7.14,6.83,7.14,6.89,0.25,3.6284,275084.2,192840.34600000002,-0.2240896358543417
237,237,000928.SZ,20190415,7.1,7.18,6.83,6.89,6.86,0.03,0.4373,351313.18,246095.772,-0.1320754716981131
238,238,000928.SZ,20190412,6.78,6.91,6.65,6.86,6.69,0.17,2.5411,243455.19,165589.172,-0.18221574344023322
239,239,000928.SZ,20190411,7.09,7.09,6.66,6.69,7.05,-0.36,-5.1064,390485.07,266562.326,-0.17488789237668173
240,240,000928.SZ,20190410,7.05,7.22,6.98,7.05,7.07,-0.02,-0.2829,281551.98,199032.965,-0.1815602836879433
241,241,000928.SZ,20190409,7.3,7.31,6.92,7.07,7.31,-0.24,-3.2832,309739.03,218942.19100000002,-0.22489391796322486
242,242,000928.SZ,20190408,7.3,7.56,7.09,7.31,7.18,0.13,1.8106,385003.3,279803.597,-0.2694938440492476
243,243,000928.SZ,20190404,7.3,7.44,7.06,7.18,7.17,0.01,0.1395,437367.41,314907.183,-0.25766016713091916
244,244,000928.SZ,20190403,6.96,7.56,6.85,7.17,7.09,0.08,1.1283,602696.02,432550.696,-0.25244072524407246
245,245,000928.SZ,20190402,6.78,7.17,6.58,7.09,6.62,0.47,7.0997,726440.3,500449.342,-0.2440056417489421
246,246,000928.SZ,20190401,6.29,6.75,6.24,6.62,6.18,0.44,7.1197,544692.78,354851.41299999994,-0.09969788519637464
247,247,000928.SZ,20190329,5.94,6.18,5.81,6.18,5.9,0.28,4.7458,339219.11,204642.396,-0.05501618122977344
248,248,000928.SZ,20190328,5.89,6.1,5.86,5.9,6.01,-0.11,-1.8303,257799.21,154415.145,0.03898305084745755
249,249,000928.SZ,20190327,6.15,6.18,5.72,6.01,6.12,-0.11,-1.7974,394370.01,233310.637,0.021630615640598986
250,250,000928.SZ,20190326,6.26,6.3,6.05,6.12,6.25,-0.13,-2.08,319138.15,195394.396,0.076797385620915
251,251,000928.SZ,20190325,6.18,6.44,6.12,6.25,6.3,-0.05,-0.7937,399431.03,251917.97600000002,0.030400000000000062
252,252,000928.SZ,20190322,6.46,6.5,6.01,6.3,6.5,-0.2,-3.0769,632295.34,394590.91799999995,0.09841269841269844
253,253,000928.SZ,20190321,6.51,6.83,6.39,6.5,6.68,-0.18,-2.6946,771458.58,506665.745,0.15230769230769234
254,254,000928.SZ,20190320,6.18,6.89,6.17,6.68,6.27,0.41,6.5391,966207.86,630287.71,0.08982035928143721
255,255,000928.SZ,20190319,6.4,6.59,6.15,6.27,6.03,0.24,3.9801,1099711.65,697282.2890000001,0.11961722488038279
256,256,000928.SZ,20190318,5.5,6.03,5.48,6.03,5.48,0.55,10.0365,342823.32,198887.89899999998,0.18407960199004966
257,257,000928.SZ,20190315,5.23,5.59,5.23,5.48,5.08,0.4,7.874,597058.07,327134.563,0.2572992700729925
258,258,000928.SZ,20190314,5.17,5.19,4.97,5.08,5.2,-0.12,-2.3077,175550.25,88837.668,0.3503937007874016
259,259,000928.SZ,20190313,5.39,5.41,5.18,5.2,5.34,-0.14,-2.6217,196312.8,103773.347,0.2865384615384616
260,260,000928.SZ,20190312,5.26,5.42,5.22,5.34,5.17,0.17,3.2882,309418.91,165111.578,0.3202247191011236
261,261,000928.SZ,20190311,4.98,5.17,4.98,5.17,4.95,0.22,4.4444,173790.1,88604.661,0.36750483558994207
262,262,000928.SZ,20190308,5.2,5.27,4.95,4.95,5.27,-0.32,-6.0721,269857.03,138032.913,0.4767676767676766
263,263,000928.SZ,20190307,5.27,5.34,5.2,5.27,5.29,-0.02,-0.3781,238524.88,125557.921,0.3624288425047439
264,264,000928.SZ,20190306,5.23,5.36,5.16,5.29,5.28,0.01,0.1894,264874.37,139071.583,0.35538752362948955
265,265,000928.SZ,20190305,5.07,5.35,4.99,5.28,5.04,0.24,4.7619,341121.63,177326.54,0.3428030303030302
266,266,000928.SZ,20190304,5.0,5.12,4.96,5.04,4.97,0.07,1.4085,237356.8,119970.95,0.3134920634920635
267,267,000928.SZ,20190301,5.0,5.01,4.88,4.97,5.02,-0.05,-0.996,201658.36,99687.69900000001,0.24346076458752516
268,268,000928.SZ,20190228,4.97,5.2,4.94,5.02,4.95,0.07,1.4141,287928.11,145689.924,0.17529880478087667
269,269,000928.SZ,20190227,4.94,5.09,4.87,4.95,4.92,0.03,0.6098,301604.16,150002.462,0.21414141414141405
270,270,000928.SZ,20190226,4.83,5.15,4.73,4.92,4.82,0.1,2.0747,340534.31,169190.09699999998,0.2439024390243903
271,271,000928.SZ,20190225,4.6,4.83,4.6,4.82,4.56,0.26,5.7018,269540.02,127447.49699999999,0.29668049792531115
272,272,000928.SZ,20190222,4.47,4.57,4.45,4.56,4.47,0.09,2.0134,138890.31,62949.027,0.38157894736842113
273,273,000928.SZ,20190221,4.57,4.6,4.43,4.47,4.54,-0.07,-1.5419,145744.33,65922.385,0.4541387024608502
274,274,000928.SZ,20190220,4.53,4.63,4.5,4.54,4.53,0.01,0.2208,116680.96,53075.373,0.47136563876651977
275,275,000928.SZ,20190219,4.52,4.58,4.45,4.53,4.51,0.02,0.4435,150518.82,68040.59,0.3841059602649005
276,276,000928.SZ,20190218,4.4,4.55,4.4,4.51,4.39,0.12,2.7335,162877.76,72815.589,0.337028824833703
277,277,000928.SZ,20190215,4.38,4.45,4.38,4.39,4.42,-0.03,-0.6787,88149.52,38893.101,0.24829157175398653
278,278,000928.SZ,20190214,4.46,4.49,4.38,4.42,4.48,-0.06,-1.3393,132832.64,58781.892,0.14932126696832582
279,279,000928.SZ,20190213,4.32,4.49,4.32,4.48,4.32,0.16,3.7037,175985.85,77194.49,0.16071428571428564
280,280,000928.SZ,20190212,4.27,4.34,4.26,4.32,4.27,0.05,1.171,52651.14,22681.14,0.236111111111111
281,281,000928.SZ,20190211,4.18,4.3,4.18,4.27,4.18,0.09,2.1531,51947.34,22128.255,0.2107728337236535
282,282,000928.SZ,20190201,4.1,4.19,4.1,4.18,4.1,0.08,1.9512,35258.76,14670.846000000001,0.1842105263157896
283,283,000928.SZ,20190131,4.18,4.2,4.07,4.1,4.14,-0.04,-0.9662,32776.67,13539.248,0.2853658536585366
284,284,000928.SZ,20190130,4.17,4.2,4.12,4.14,4.16,-0.02,-0.4808,23850.4,9915.780999999999,0.2777777777777779
285,285,000928.SZ,20190129,4.24,4.24,4.05,4.16,4.23,-0.07,-1.6548,57938.82,24005.377,0.2692307692307693
286,286,000928.SZ,20190128,4.32,4.32,4.23,4.23,4.29,-0.06,-1.3986,41267.69,17662.436,0.19148936170212755
287,287,000928.SZ,20190125,4.35,4.36,4.29,4.29,4.36,-0.07,-1.6055,47274.0,20468.504,0.15850815850815844
288,288,000928.SZ,20190124,4.37,4.38,4.31,4.36,4.37,-0.01,-0.2288,34188.6,14867.597,0.15137614678899064
289,289,000928.SZ,20190123,4.35,4.39,4.33,4.37,4.38,-0.01,-0.2283,27434.47,11970.275,0.13272311212814647
290,290,000928.SZ,20190122,4.46,4.46,4.36,4.38,4.46,-0.08,-1.7937,45508.0,20058.933999999997,0.12328767123287672
291,291,000928.SZ,20190121,4.45,4.47,4.42,4.46,4.46,0.0,0.0,55893.34,24865.179,0.08071748878923773
292,292,000928.SZ,20190118,4.43,4.48,4.4,4.46,4.4,0.06,1.3636,53084.9,23590.432999999997,0.02242152466367705
293,293,000928.SZ,20190117,4.45,4.47,4.4,4.4,4.44,-0.04,-0.9009,48223.57,21373.254,0.015909090909090772
294,294,000928.SZ,20190116,4.49,4.5,4.43,4.44,4.49,-0.05,-1.1136,44600.16,19873.02,0.02252252252252244
295,295,000928.SZ,20190115,4.45,4.5,4.38,4.49,4.46,0.03,0.6726,69820.81,31079.211,0.008908685968819607
296,296,000928.SZ,20190114,4.44,4.54,4.43,4.46,4.44,0.02,0.4505,77977.21,34906.847,0.011210762331838525
297,297,000928.SZ,20190111,4.37,4.45,4.36,4.44,4.37,0.07,1.6018,48383.0,21381.083,-0.01126126126126142
298,298,000928.SZ,20190110,4.45,4.46,4.37,4.37,4.44,-0.07,-1.5766,59381.07,26183.567000000003,0.011441647597253964
299,299,000928.SZ,20190109,4.46,4.51,4.41,4.44,4.46,-0.02,-0.4484,78041.4,34886.071,0.009009009009009016
300,300,000928.SZ,20190108,4.49,4.52,4.44,4.46,4.48,-0.02,-0.4464,67036.64,29980.998,-0.03139013452914791
301,301,000928.SZ,20190107,4.4,4.48,4.38,4.48,4.38,0.1,2.2831,70584.4,31313.241,-0.04687500000000019
302,302,000928.SZ,20190104,4.25,4.38,4.2,4.38,4.26,0.12,2.8169,59422.1,25720.95,-0.045662100456621044
303,303,000928.SZ,20190103,4.29,4.34,4.25,4.26,4.29,-0.03,-0.6993,31491.13,13523.681999999999,-0.037558685446009425
304,304,000928.SZ,20190102,4.35,4.37,4.27,4.29,4.35,-0.06,-1.3793,35935.71,15499.985,-0.03496503496503505
305,305,000928.SZ,20181228,4.23,4.35,4.22,4.35,4.23,0.12,2.8369,65954.01,28376.446,-0.04367816091954012
306,306,000928.SZ,20181227,4.23,4.31,4.19,4.23,4.17,0.06,1.4388,85843.6,36553.77,0.0
307,307,000928.SZ,20181226,4.22,4.22,4.14,4.17,4.19,-0.02,-0.4773,30955.6,12921.975,0.028776978417266213
308,308,000928.SZ,20181225,4.27,4.27,4.11,4.19,4.31,-0.12,-2.7842,64715.54,27038.803,0.04057279236276848
309,309,000928.SZ,20181224,4.35,4.36,4.17,4.31,4.38,-0.07,-1.5982,63938.71,27367.96,0.013921113689095245
310,310,000928.SZ,20181221,4.35,4.48,4.28,4.38,4.25,0.13,3.0588,98947.98,43139.985,0.0
311,311,000928.SZ,20181220,4.23,4.28,4.17,4.25,4.21,0.04,0.9501,34911.0,14780.987,0.04941176470588234
312,312,000928.SZ,20181219,4.3,4.32,4.2,4.21,4.31,-0.1,-2.3202,48457.36,20621.652,0.05938242280285036
313,313,000928.SZ,20181218,4.3,4.39,4.26,4.31,4.29,0.02,0.4662,49139.02,21229.918999999998,0.020881670533642867
314,314,000928.SZ,20181217,4.24,4.35,4.23,4.29,4.3,-0.01,-0.2326,38342.54,16445.578,0.03496503496503505
315,315,000928.SZ,20181214,4.45,4.46,4.29,4.3,4.46,-0.16,-3.5874,76894.42,33593.367,0.044186046511628
316,316,000928.SZ,20181213,4.36,4.49,4.27,4.46,4.34,0.12,2.765,97388.82,43193.803,0.0
317,317,000928.SZ,20181212,4.35,4.37,4.33,4.34,4.34,0.0,0.0,36829.11,16020.831,0.023041474654378002
318,318,000928.SZ,20181211,4.35,4.36,4.31,4.34,4.29,0.05,1.1655,25421.4,11015.155,0.006912442396313422
319,319,000928.SZ,20181210,4.36,4.36,4.29,4.29,4.38,-0.09,-2.0548,49955.2,21556.577999999998,0.03496503496503505
320,320,000928.SZ,20181207,4.37,4.42,4.35,4.38,4.38,0.0,0.0,39614.8,17372.723,0.018264840182648418
321,321,000928.SZ,20181206,4.41,4.45,4.36,4.38,4.41,-0.03,-0.6803,59433.8,26145.635,0.022831050228310626
322,322,000928.SZ,20181205,4.38,4.46,4.32,4.41,4.49,-0.08,-1.7817,75539.67,33202.807,-0.00680272108843543
323,323,000928.SZ,20181204,4.48,4.56,4.46,4.49,4.46,0.03,0.6726,92035.62,41477.435,-0.051224944320712784
324,324,000928.SZ,20181203,4.39,4.49,4.38,4.46,4.29,0.17,3.9627,103647.4,46016.558,-0.038116591928251106
325,325,000928.SZ,20181130,4.23,4.31,4.19,4.29,4.23,0.06,1.4184,71460.12,30379.962000000003,0.013986013986013894
326,326,000928.SZ,20181129,4.48,4.5,4.23,4.23,4.46,-0.23,-5.157,115001.52,50683.35,0.0
327,327,000928.SZ,20181128,4.44,4.47,4.31,4.46,4.4,0.06,1.3636,89337.81,39306.483,-0.06502242152466368
328,328,000928.SZ,20181127,4.43,4.47,4.36,4.4,4.43,-0.03,-0.6772,81097.01,35906.637,-0.047727272727272715
329,329,000928.SZ,20181126,4.39,4.46,4.34,4.43,4.39,0.04,0.9112,95040.99,41841.442,-0.027088036117381517
330,330,000928.SZ,20181123,4.62,4.65,4.34,4.39,4.64,-0.25,-5.3879,184498.34,82310.55900000001,-0.002277904328018175
331,331,000928.SZ,20181122,4.68,4.78,4.61,4.64,4.73,-0.09,-1.9027,159624.03,74634.175,-0.08405172413793097
332,332,000928.SZ,20181121,4.6,4.84,4.6,4.73,4.88,-0.15,-3.0738,258035.27,121555.778,-0.10993657505285422
333,333,000928.SZ,20181120,5.39,5.39,4.85,4.88,5.01,-0.13,-2.5948,583333.61,299341.048,-0.11680327868852465
334,334,000928.SZ,20181119,4.53,5.01,4.5,5.01,4.55,0.46,10.1099,336026.12,160590.824,-0.14371257485029937
335,335,000928.SZ,20181116,4.4,4.64,4.38,4.55,4.41,0.14,3.1746,207696.94,93676.061,-0.054945054945054944
336,336,000928.SZ,20181115,4.41,4.42,4.36,4.41,4.36,0.05,1.1468,87322.66,38301.796,0.011337868480725584
337,337,000928.SZ,20181114,4.34,4.43,4.32,4.36,4.34,0.02,0.4608,91647.89,40060.008,-0.0045871559633028575
338,338,000928.SZ,20181113,4.2,4.38,4.18,4.34,4.24,0.1,2.3585,121096.84,52126.225999999995,0.0
339,339,000928.SZ,20181112,4.14,4.25,4.13,4.24,4.14,0.1,2.4155,75468.4,31772.586,0.011792452830188637
340,340,000928.SZ,20181109,4.14,4.19,4.13,4.14,4.16,-0.02,-0.4808,42478.2,17656.072,0.05797101449275368
341,341,000928.SZ,20181108,4.23,4.23,4.16,4.16,4.19,-0.03,-0.716,49059.12,20539.493000000002,0.05288461538461532
342,342,000928.SZ,20181107,4.2,4.24,4.17,4.19,4.2,-0.01,-0.2381,69685.28,29322.716,0.05250596658711211
343,343,000928.SZ,20181106,4.2,4.21,4.1,4.2,4.19,0.01,0.2387,72434.78,30165.325,0.06904761904761905
344,344,000928.SZ,20181105,4.17,4.22,4.15,4.19,4.18,0.01,0.2392,76869.05,32176.011000000002,0.06443914081145574
345,345,000928.SZ,20181102,4.11,4.19,4.11,4.18,4.09,0.09,2.2005,97904.84,40664.953,0.02631578947368429
346,346,000928.SZ,20181101,4.12,4.15,4.08,4.09,4.1,-0.01,-0.2439,79220.27,32543.805,0.03422982885085588
347,347,000928.SZ,20181031,4.04,4.22,4.03,4.1,4.05,0.05,1.2346,98413.76,40590.415,0.08780487804878058
348,348,000928.SZ,20181030,4.02,4.06,3.97,4.05,4.0,0.05,1.25,48463.4,19507.005,0.08641975308641989
349,349,000928.SZ,20181029,4.03,4.04,3.96,4.0,4.02,-0.02,-0.4975,37984.6,15221.925,0.10749999999999993
350,350,000928.SZ,20181026,4.06,4.1,4.01,4.02,4.01,0.01,0.2494,56714.48,22911.242000000002,0.09203980099502491
351,351,000928.SZ,20181025,3.95,4.04,3.85,4.01,4.05,-0.04,-0.9877,73854.09,29087.565,0.15710723192019949
352,352,000928.SZ,20181024,4.0,4.13,3.95,4.05,4.01,0.04,0.9975,73098.3,29495.95,0.1679012345679014
353,353,000928.SZ,20181023,4.05,4.09,3.97,4.01,4.06,-0.05,-1.2315,70173.75,28246.879,0.21695760598503744
354,354,000928.SZ,20181022,3.9,4.18,3.9,4.06,3.88,0.18,4.6392,101510.94,41071.687000000005,0.2339901477832513
355,355,000928.SZ,20181019,3.75,3.91,3.7,3.88,3.79,0.09,2.3747,68494.81,26211.034,0.17268041237113402
356,356,000928.SZ,20181018,3.85,3.92,3.77,3.79,3.92,-0.13,-3.3163,67455.0,26009.187,0.1635883905013193
357,357,000928.SZ,20181017,3.94,3.96,3.82,3.92,3.85,0.07,1.8182,92137.45,35792.337,0.11224489795918377
358,358,000928.SZ,20181016,4.08,4.12,3.85,3.85,4.08,-0.23,-5.6373,93772.57,37401.092000000004,0.1272727272727272
359,359,000928.SZ,20181015,4.19,4.26,4.05,4.08,4.18,-0.1,-2.3923,84943.67,35046.407,0.03921568627450984
360,360,000928.SZ,20181012,4.3,4.35,3.98,4.18,4.38,-0.2,-4.5662,131443.46,54899.041,-0.00956937799043063
361,361,000928.SZ,20181011,4.72,4.8,4.38,4.38,4.87,-0.49,-10.0616,136357.35,62268.130999999994,-0.05022831050228305
362,362,000928.SZ,20181010,4.85,4.91,4.81,4.87,4.85,0.02,0.4124,53661.58,26038.77,-0.1396303901437371
363,363,000928.SZ,20181009,4.86,4.9,4.77,4.85,4.85,0.0,0.0,68977.2,33347.346,-0.13402061855670094
364,364,000928.SZ,20181008,4.88,4.95,4.79,4.85,4.93,-0.08,-1.6227,72528.08,35319.968,-0.13608247422680397
365,365,000928.SZ,20180928,4.94,4.97,4.92,4.93,4.92,0.01,0.2033,68086.9,33634.872,-0.15212981744421908
366,366,000928.SZ,20180927,5.02,5.04,4.92,4.92,5.0,-0.08,-1.6,86045.39,42883.29,-0.16869918699186995
367,367,000928.SZ,20180926,5.02,5.06,4.99,5.0,5.04,-0.04,-0.7937,100301.99,50382.777,-0.18000000000000008
368,368,000928.SZ,20180925,5.0,5.06,4.97,5.04,5.04,0.0,0.0,62391.71,31274.213,-0.19642857142857148
369,369,000928.SZ,20180921,5.0,5.04,4.95,5.04,4.99,0.05,1.002,111888.52,55975.079000000005,-0.20634920634920637
370,370,000928.SZ,20180920,4.95,5.08,4.95,4.99,4.98,0.01,0.2008,96564.01,48334.315,-0.19438877755511033
371,371,000928.SZ,20180919,4.95,5.08,4.93,4.98,4.97,0.01,0.2012,117579.34,58766.512,-0.19477911646586357
372,372,000928.SZ,20180918,4.75,5.01,4.72,4.97,4.76,0.21,4.4118,107133.78,52375.530999999995,-0.1851106639839034
373,373,000928.SZ,20180917,4.88,4.91,4.76,4.76,4.92,-0.16,-3.252,75951.65,36587.837,-0.15756302521008403
374,374,000928.SZ,20180914,5.0,5.01,4.91,4.92,4.99,-0.07,-1.4028,61119.66,30305.46,-0.17479674796747974
375,375,000928.SZ,20180913,4.98,5.0,4.91,4.99,4.94,0.05,1.0121,63236.0,31362.705,-0.22244488977955917
376,376,000928.SZ,20180912,4.94,5.01,4.91,4.94,4.97,-0.03,-0.6036,57993.46,28754.406000000003,-0.23279352226720654
377,377,000928.SZ,20180911,4.9,4.98,4.84,4.97,4.94,0.03,0.6073,72606.97,35682.556000000004,-0.21126760563380279
378,378,000928.SZ,20180910,5.13,5.13,4.94,4.94,5.11,-0.17,-3.3268,101581.43,50869.562999999995,-0.22064777327935228
379,379,000928.SZ,20180907,5.03,5.12,4.98,5.11,5.06,0.05,0.9881,135474.53,68675.333,-0.20156555772994134
380,380,000928.SZ,20180906,4.98,5.08,4.96,5.06,5.0,0.06,1.2,93127.95,46687.483,-0.17391304347826086
381,381,000928.SZ,20180905,5.16,5.16,4.99,5.0,5.16,-0.16,-3.1008,126954.02,64299.901,-0.12400000000000003
382,382,000928.SZ,20180904,5.1,5.22,5.09,5.16,5.12,0.04,0.7813,97066.9,50057.268,-0.0562015503875969
383,383,000928.SZ,20180903,5.15,5.19,5.03,5.12,5.19,-0.07,-1.3487,116200.95,59101.169,-0.05273437500000009
384,384,000928.SZ,20180831,5.18,5.26,5.14,5.19,5.21,-0.02,-0.3839,111389.66,57870.232,-0.06551059730250496
385,385,000928.SZ,20180830,5.4,5.41,5.2,5.21,5.39,-0.18,-3.3395,179936.92,95085.235,-0.053742802303263004
386,386,000928.SZ,20180829,5.47,5.49,5.35,5.39,5.49,-0.1,-1.8215,129570.32,69855.409,-0.08719851576994431
387,387,000928.SZ,20180828,5.5,5.57,5.4,5.49,5.51,-0.02,-0.363,189989.93,104042.3,-0.08925318761384339
388,388,000928.SZ,20180827,5.39,5.56,5.33,5.51,5.39,0.12,2.2263,244397.33,133733.691,-0.08529945553539016
389,389,000928.SZ,20180824,5.41,5.58,5.36,5.39,5.42,-0.03,-0.5535,234169.52,128191.198,-0.06493506493506487
390,390,000928.SZ,20180823,5.44,5.52,5.33,5.42,5.42,0.0,0.0,204808.22,111310.27900000001,-0.07933579335793353
391,391,000928.SZ,20180822,5.52,5.54,5.38,5.42,5.6,-0.18,-3.2143,221921.36,120852.054,-0.081180811808118
392,392,000928.SZ,20180821,5.3,5.67,5.23,5.6,5.32,0.28,5.2632,414616.52,226952.932,-0.11249999999999999
393,393,000928.SZ,20180820,5.36,5.44,5.16,5.32,5.41,-0.09,-1.6636,275896.89,145768.182,-0.10526315789473693
394,394,000928.SZ,20180817,5.42,5.54,5.3,5.41,5.54,-0.13,-2.3466,413703.26,223472.26100000003,-0.09057301293900188
395,395,000928.SZ,20180816,5.38,5.81,5.31,5.54,5.45,0.09,1.6514,788944.69,439238.89,-0.09927797833935015
396,396,000928.SZ,20180815,5.45,5.45,5.32,5.45,4.95,0.5,10.101,506151.64,275415.19800000003,-0.09357798165137611
397,397,000928.SZ,20180814,4.9,4.97,4.87,4.95,4.93,0.02,0.4057,64754.57,31865.897,0.0040404040404039545
398,398,000928.SZ,20180813,5.0,5.01,4.81,4.93,5.05,-0.12,-2.3762,103421.33,50653.557,0.002028397565923058
399,399,000928.SZ,20180810,5.09,5.11,5.01,5.05,5.11,-0.06,-1.1742,91482.18,46201.592000000004,0.01188118811881198
400,400,000928.SZ,20180809,5.02,5.15,4.99,5.11,5.03,0.08,1.5905,124510.33,63363.949,-0.00978473581213321
401,401,000928.SZ,20180808,5.04,5.12,4.98,5.03,5.08,-0.05,-0.9843,111544.98,56241.459,-0.0059642147117296715
402,402,000928.SZ,20180807,4.92,5.09,4.83,5.08,4.92,0.16,3.252,128020.77,63823.181,0.015748031496063006
403,403,000928.SZ,20180806,4.86,4.98,4.7,4.92,4.89,0.03,0.6135,105927.91,51528.357,0.040650406504065074
404,404,000928.SZ,20180803,5.02,5.06,4.87,4.89,5.02,-0.13,-2.5896,120436.65,59906.94,0.061349693251533895
405,405,000928.SZ,20180802,5.25,5.28,4.84,5.02,5.21,-0.19,-3.6468,223384.66,112700.196,0.03784860557768933
406,406,000928.SZ,20180801,5.5,5.54,5.21,5.21,5.46,-0.25,-4.5788,150579.66,81188.80900000001,0.034548944337811846
407,407,000928.SZ,20180731,5.5,5.54,5.37,5.46,5.54,-0.08,-1.444,135962.78,73842.741,0.00549450549450554
408,408,000928.SZ,20180730,5.46,5.66,5.46,5.54,5.49,0.05,0.9107,178886.63,99263.844,-0.005415162454873691
409,409,000928.SZ,20180727,5.49,5.62,5.42,5.49,5.55,-0.06,-1.0811,153166.24,84832.993,-0.01821493624772323
410,410,000928.SZ,20180726,5.65,5.7,5.53,5.55,5.67,-0.12,-2.1164,197079.06,110601.89300000001,-0.023423423423423406
411,411,000928.SZ,20180725,5.6,5.67,5.5,5.67,5.6,0.07,1.25,263245.84,146992.56,-0.04409171075837742
412,412,000928.SZ,20180724,5.58,5.78,5.54,5.6,5.56,0.04,0.7194,469367.72,265616.68100000004,0.0
413,413,000928.SZ,20180723,5.31,5.61,5.23,5.56,5.34,0.22,4.1199,390154.42,213674.97600000002,-0.043165467625899165
414,414,000928.SZ,20180720,5.32,5.34,5.12,5.34,5.3,0.04,0.7547,187047.41,97911.1,0.01310861423220979
415,415,000928.SZ,20180719,5.21,5.39,5.2,5.3,5.26,0.04,0.76,267884.88,142569.35,0.04528301886792457
416,416,000928.SZ,20180718,5.13,5.45,5.08,5.26,5.1,0.16,3.14,376753.35,200628.875,0.036121673003802354
417,417,000928.SZ,20180717,5.12,5.15,5.03,5.1,5.14,-0.04,-0.78,111145.36,56476.880999999994,-0.029411764705882252
418,418,000928.SZ,20180716,5.23,5.26,5.09,5.14,5.25,-0.11,-2.1,127382.21,65473.732,-0.04085603112840466
419,419,000928.SZ,20180713,5.29,5.33,5.17,5.25,5.32,-0.07,-1.32,163250.51,85383.94699999999,-0.038095238095238126
420,420,000928.SZ,20180712,5.14,5.35,5.14,5.32,5.18,0.14,2.7,221546.43,116630.68400000001,-0.03947368421052631
421,421,000928.SZ,20180711,5.26,5.26,4.98,5.18,5.33,-0.15,-2.81,236516.63,121300.50099999999,-0.028957528957528855
422,422,000928.SZ,20180710,5.33,5.36,5.22,5.33,5.35,-0.02,-0.37,180736.7,95712.515,-0.04690431519699812
423,423,000928.SZ,20180709,5.2,5.39,5.17,5.35,5.27,0.08,1.52,234836.55,124639.52900000001,-0.08037383177570089
424,424,000928.SZ,20180706,5.1,5.4,5.03,5.27,5.15,0.12,2.33,317767.08,165991.388,-0.07210626185958253
425,425,000928.SZ,20180705,5.24,5.4,5.08,5.15,5.32,-0.17,-3.2,275210.61,143905.82,-0.025242718446602093
426,426,000928.SZ,20180704,5.5,5.5,5.23,5.32,5.49,-0.17,-3.1,457253.32,244826.36,-0.020676691729323366
427,427,000928.SZ,20180703,4.95,5.49,4.95,5.49,4.99,0.5,10.02,468671.21,248061.833,-0.005464480874316985
428,428,000928.SZ,20180702,5.06,5.06,4.91,4.99,5.07,-0.08,-1.58,151530.58,75860.099,0.11022044088176348
429,429,000928.SZ,20180629,4.91,5.07,4.83,5.07,4.91,0.16,3.26,190139.9,94648.005,0.08284023668639051
430,430,000928.SZ,20180628,5.07,5.18,4.8,4.91,5.07,-0.16,-3.16,206266.31,103247.84,0.130346232179226
431,431,000928.SZ,20180627,5.25,5.29,5.03,5.07,5.2,-0.13,-2.5,221440.99,113043.67199999999,0.11834319526627211
432,432,000928.SZ,20180626,5.05,5.24,5.02,5.2,5.19,0.01,0.19,226463.3,115719.61,0.07692307692307682
433,433,000928.SZ,20180625,5.32,5.59,5.13,5.19,5.22,-0.03,-0.57,388800.76,207601.593,0.07129094412331391
434,434,000928.SZ,20180622,4.91,5.25,4.86,5.22,5.02,0.2,3.98,374682.58,191421.857,0.022988505747126457
435,435,000928.SZ,20180621,5.27,5.41,4.95,5.02,5.02,0.0,0.0,574733.34,299782.184,0.05577689243027894
436,436,000928.SZ,20180620,4.63,5.02,4.62,5.02,4.56,0.46,10.09,195432.27,96252.308,0.04780876494023909
437,437,000928.SZ,20180619,4.8,4.91,4.49,4.56,4.99,-0.43,-8.62,199786.32,93559.57699999999,0.11842105263157897
438,438,000928.SZ,20180615,4.77,5.07,4.71,4.99,4.84,0.15,3.1,302337.28,148967.955,0.030060120240480853
439,439,000928.SZ,20180614,4.9,5.04,4.77,4.84,4.98,-0.14,-2.81,293754.97,143314.19199999998,0.08471074380165293
440,440,000928.SZ,20180613,4.62,4.98,4.6,4.98,4.53,0.45,9.93,269051.66,131597.425,0.06827309236947787
441,441,000928.SZ,20180612,4.45,4.55,4.4,4.53,4.45,0.08,1.8,76789.47,34258.812999999995,0.14348785871964667
442,442,000928.SZ,20180611,4.42,4.46,4.4,4.45,4.45,0.0,0.0,29140.4,12915.253,0.19775280898876402
443,443,000928.SZ,20180608,4.57,4.59,4.45,4.45,4.57,-0.12,-2.63,51973.2,23405.504,0.20224719101123584
444,444,000928.SZ,20180607,4.6,4.62,4.55,4.57,4.57,0.0,0.0,39392.4,18049.617,0.15317286652078757
445,445,000928.SZ,20180606,4.58,4.6,4.55,4.57,4.58,-0.01,-0.22,37808.6,17265.358,0.12691466083150985
446,446,000928.SZ,20180605,4.55,4.6,4.51,4.58,4.56,0.02,0.44,36582.18,16671.181,0.16157205240174677
447,447,000928.SZ,20180604,4.55,4.6,4.52,4.56,4.54,0.02,0.44,45626.82,20823.305,0.2039473684210528
448,448,000928.SZ,20180601,4.57,4.6,4.5,4.54,4.58,-0.04,-0.87,55527.68,25194.648999999998,0.09911894273127757
449,449,000928.SZ,20180531,4.55,4.69,4.55,4.58,4.51,0.07,1.55,79266.29,36481.308,0.10698689956331882
450,450,000928.SZ,20180530,4.87,4.87,4.47,4.51,4.92,-0.41,-8.33,157280.92,73277.606,0.08869179600886926
451,451,000928.SZ,20180529,5.05,5.06,4.92,4.92,5.04,-0.12,-2.38,67323.08,33534.034,0.030487804878048853
452,452,000928.SZ,20180528,5.07,5.13,5.03,5.04,5.06,-0.02,-0.4,41063.27,20829.314,0.03174603174603177
453,453,000928.SZ,20180525,5.14,5.16,5.04,5.06,5.14,-0.08,-1.56,54948.82,27956.091,0.02569169960474324
454,454,000928.SZ,20180524,5.12,5.2,5.12,5.14,5.12,0.02,0.39,42830.88,22136.923,0.015564202334630364
455,455,000928.SZ,20180523,5.23,5.23,5.11,5.12,5.22,-0.1,-1.92,71998.55,37195.105,-0.019531250000000104
456,456,000928.SZ,20180522,5.24,5.24,5.19,5.22,5.24,-0.02,-0.38,52263.2,27253.234,-0.03831417624521077
457,457,000928.SZ,20180521,5.2,5.25,5.18,5.24,5.18,0.06,1.16,56399.89,29464.311,-0.12977099236641232
458,458,000928.SZ,20180518,5.24,5.25,5.15,5.18,5.22,-0.04,-0.77,62797.6,32491.093999999997,-0.036679536679536585
459,459,000928.SZ,20180517,5.35,5.37,5.32,5.34,5.35,-0.01,-0.19,33417.05,17842.233,-0.09363295880149813
460,460,000928.SZ,20180516,5.36,5.36,5.31,5.35,5.38,-0.03,-0.56,40421.4,21557.215,-0.06915887850467275
461,461,000928.SZ,20180515,5.34,5.38,5.3,5.38,5.32,0.06,1.13,41210.73,22000.958,-0.157992565055762
462,462,000928.SZ,20180514,5.29,5.34,5.29,5.32,5.28,0.04,0.76,54060.8,28731.447,-0.16353383458646617
463,463,000928.SZ,20180511,5.34,5.37,5.27,5.28,5.35,-0.07,-1.31,55633.08,29603.668999999998,-0.1571969696969697
464,464,000928.SZ,20180510,5.36,5.41,5.32,5.35,5.35,0.0,0.0,73471.49,39378.487,-0.14579439252336437
465,465,000928.SZ,20180509,5.29,5.35,5.26,5.35,5.29,0.06,1.13,48706.69,25825.211,-0.14579439252336437
466,466,000928.SZ,20180508,5.27,5.37,5.25,5.29,5.25,0.04,0.76,92255.24,49007.310999999994,-0.1342155009451796
467,467,000928.SZ,20180507,5.2,5.27,5.18,5.25,5.19,0.06,1.16,66165.4,34627.394,-0.1314285714285715
468,468,000928.SZ,20180504,5.22,5.27,5.17,5.19,5.23,-0.04,-0.76,46181.41,24101.932999999997,-0.12524084778420044
469,469,000928.SZ,20180503,5.16,5.23,5.09,5.23,5.16,0.07,1.36,61512.21,31805.151,-0.12428298279158706
470,470,000928.SZ,20180502,5.1,5.21,5.08,5.16,5.1,0.06,1.18,60131.12,30969.495,-0.12596899224806207
471,471,000928.SZ,20180427,5.12,5.17,5.0,5.1,5.12,-0.02,-0.39,68031.58,34595.305,-0.03529411764705877
472,472,000928.SZ,20180426,5.34,5.37,5.11,5.12,5.34,-0.22,-4.12,107089.09,55603.392,-0.015625000000000014
473,473,000928.SZ,20180425,5.38,5.45,5.34,5.34,5.45,-0.11,-2.02,104100.81,55924.5,-0.052434456928838996
474,474,000928.SZ,20180424,5.31,5.5,5.31,5.45,5.39,0.06,1.11,212668.31,114925.555,-0.056880733944954215
475,475,000928.SZ,20180423,5.23,5.54,5.19,5.39,5.04,0.35,6.94,282355.08,153509.66,-0.05009276437847859
476,476,000928.SZ,20180420,5.15,5.17,5.01,5.04,5.17,-0.13,-2.51,49157.17,25022.261000000002,0.03571428571428566
477,477,000928.SZ,20180419,5.15,5.19,5.11,5.17,5.13,0.04,0.78,48695.43,25077.229,0.013539651837524234
478,478,000928.SZ,20180418,5.07,5.15,5.04,5.13,5.05,0.08,1.58,45923.54,23405.267000000003,0.00974658869395708
479,479,000928.SZ,20180417,5.2,5.22,5.05,5.05,5.19,-0.14,-2.7,59535.62,30572.597,0.057425742574257435
480,480,000928.SZ,20180416,5.26,5.28,5.16,5.19,5.31,-0.12,-2.26,55902.8,29123.465,0.03082851637764918
481,481,000928.SZ,20180413,5.34,5.35,5.28,5.31,5.32,-0.01,-0.19,39315.11,20908.871,0.013182674199623406
482,482,000928.SZ,20180412,5.35,5.36,5.28,5.32,5.32,0.0,0.0,55738.39,29657.113999999998,0.0
483,483,000928.SZ,20180411,5.31,5.39,5.3,5.32,5.3,0.02,0.38,74692.58,39906.866,-0.0075187969924812095
484,484,000928.SZ,20180410,5.21,5.31,5.2,5.3,5.23,0.07,1.34,73812.97,38809.642,0.00943396226415091
485,485,000928.SZ,20180409,5.21,5.26,5.14,5.23,5.22,0.01,0.19,65660.01,34188.879,0.02294455066921591
486,486,000928.SZ,20180404,5.31,5.34,5.21,5.22,5.29,-0.07,-1.32,78006.52,41161.732,0.01340996168582381
487,487,000928.SZ,20180403,5.36,5.36,5.24,5.29,5.43,-0.14,-2.58,99480.31,52550.564000000006,-0.00756143667296787
488,488,000928.SZ,20180402,5.44,5.52,5.42,5.43,5.47,-0.04,-0.73,92325.5,50478.902,-0.04419889502762419
489,489,000928.SZ,20180330,5.5,5.54,5.44,5.47,5.46,0.01,0.18,84313.33,46268.934,-0.04387568555758672
490,490,000928.SZ,20180329,5.4,5.47,5.37,5.46,5.37,0.09,1.68,65966.12,35793.157999999996,-0.05494505494505491
491,491,000928.SZ,20180328,5.38,5.45,5.33,5.37,5.47,-0.1,-1.83,76072.45,41060.005,-0.05027932960893863
492,492,000928.SZ,20180327,5.47,5.52,5.42,5.47,5.38,0.09,1.67,105764.31,57758.857,-0.06398537477148074
493,493,000928.SZ,20180326,5.32,5.38,5.15,5.38,5.38,0.0,0.0,126391.86,66587.159,-0.007434944237918222
494,494,000928.SZ,20180323,5.82,5.86,5.38,5.38,5.98,-0.6,-10.03,199819.34,111327.712,0.01301115241635693
495,495,000928.SZ,20180322,5.94,6.05,5.92,5.98,5.96,0.02,0.34,74493.68,44682.124,-0.09866220735785965
496,496,000928.SZ,20180321,5.93,6.14,5.91,5.96,5.91,0.05,0.85,142856.61,85772.43,-0.15436241610738255
497,497,000928.SZ,20180320,5.89,5.97,5.86,5.91,5.93,-0.02,-0.34,100314.49,59351.234000000004,-0.12521150592216584
498,498,000928.SZ,20180319,6.1,6.12,5.93,5.93,6.13,-0.2,-3.26,130049.9,78102.093,-0.13490725126475545
499,499,000928.SZ,20180316,6.11,6.19,6.09,6.13,6.15,-0.02,-0.33,79299.36,48605.742999999995,-0.17618270799347474
500,500,000928.SZ,20180315,6.24,6.29,6.11,6.15,6.29,-0.14,-2.23,145025.2,89461.72,-0.15609756097560973
501,501,000928.SZ,20180314,6.35,6.35,6.23,6.29,6.4,-0.11,-1.72,169355.56,106554.924,-0.1558028616852147
502,502,000928.SZ,20180313,6.13,6.41,6.11,6.4,6.13,0.27,4.4,294883.73,185061.829,-0.16875
503,503,000928.SZ,20180312,6.11,6.14,6.07,6.13,6.16,-0.03,-0.49,144063.6,87964.19099999999,-0.132137030995106
504,504,000928.SZ,20180309,6.18,6.18,6.1,6.16,6.13,0.03,0.49,77708.13,47708.78,-0.13961038961038966
505,505,000928.SZ,20180308,6.11,6.21,6.1,6.13,6.13,0.0,0.0,65195.03,40060.839,-0.1468189233278955
506,506,000928.SZ,20180307,6.23,6.23,6.12,6.13,6.22,-0.09,-1.45,56083.42,34580.685,-0.14845024469820559
507,507,000928.SZ,20180306,6.16,6.22,6.12,6.22,6.16,0.06,0.97,69174.78,42751.46599999999,-0.14951768488745976
508,508,000928.SZ,20180305,6.18,6.19,6.1,6.16,6.16,0.0,0.0,61501.44,37779.323,-0.11850649350649357
509,509,000928.SZ,20180302,6.07,6.19,6.06,6.16,6.13,0.03,0.49,75944.77,46658.998,-0.11201298701298708
510,510,000928.SZ,20180301,6.11,6.17,6.04,6.13,6.13,0.0,0.0,86269.22,52668.67,-0.10929853181076671
511,511,000928.SZ,20180228,6.09,6.15,6.01,6.13,6.1,0.03,0.49,63956.6,39037.373,-0.12398042414355624
512,512,000928.SZ,20180227,6.18,6.19,6.1,6.1,6.19,-0.09,-1.45,75307.2,46202.165,-0.10327868852459016
513,513,000928.SZ,20180226,6.1,6.25,6.03,6.19,6.09,0.1,1.64,111297.2,68395.06599999999,-0.13085621970920847
514,514,000928.SZ,20180223,6.04,6.25,6.01,6.09,6.04,0.05,0.83,84847.19,51915.935,-0.11658456486042693
515,515,000928.SZ,20180222,5.9,6.1,5.9,6.04,5.86,0.18,3.07,77316.21,46503.053,-0.00993377483443702
516,516,000928.SZ,20180214,5.81,5.92,5.73,5.86,5.81,0.05,0.86,36231.64,21222.021,0.01706484641638219
517,517,000928.SZ,20180213,5.8,5.97,5.79,5.81,5.76,0.05,0.87,57076.8,33499.835,0.017211703958692003
518,518,000928.SZ,20180212,5.67,5.8,5.67,5.76,5.65,0.11,1.95,43002.62,24734.148999999998,0.029513888888888878
519,519,000928.SZ,20180209,5.9,5.93,5.5,5.65,6.03,-0.38,-6.3,110091.97,63549.16,0.0849557522123893
520,520,000928.SZ,20180208,5.95,6.08,5.95,6.03,5.95,0.08,1.34,66029.4,39742.231,0.019900497512437828
521,521,000928.SZ,20180207,6.04,6.08,5.8,5.95,5.9,0.05,0.85,86992.38,51970.679000000004,0.05714285714285712
522,522,000928.SZ,20180206,6.16,6.23,5.9,5.9,6.24,-0.34,-5.45,105173.83,63819.727,0.0847457627118644
523,523,000928.SZ,20180205,6.08,6.29,6.0,6.24,6.15,0.09,1.46,75962.98,46866.008,-0.01762820512820518
524,524,000928.SZ,20180202,6.1,6.19,5.85,6.15,6.13,0.02,0.33,84944.44,51820.352999999996,0.001626016260162567
525,525,000928.SZ,20180201,6.52,6.57,6.03,6.13,6.48,-0.35,-5.4,136205.62,85617.56599999999,0.0
526,526,000928.SZ,20180131,6.66,6.78,6.42,6.48,6.65,-0.17,-2.56,123737.6,81075.087,-0.054012345679012426
527,527,000928.SZ,20180130,6.47,6.68,6.46,6.65,6.46,0.19,2.94,144201.3,95475.095,-0.06466165413533843
528,528,000928.SZ,20180129,6.59,6.69,6.43,6.46,6.66,-0.2,-3.0,137401.27,90159.31599999999,-0.04643962848297211
529,529,000928.SZ,20180126,6.7,6.75,6.65,6.66,6.71,-0.05,-0.75,84995.72,56974.318,-0.07507507507507508
530,530,000928.SZ,20180125,6.77,6.81,6.66,6.71,6.81,-0.1,-1.47,138856.87,93403.351,-0.08643815201192251
531,531,000928.SZ,20180124,6.75,6.86,6.69,6.81,6.77,0.04,0.59,147715.36,100370.308,-0.09985315712187955
532,532,000928.SZ,20180123,6.78,6.82,6.68,6.77,6.81,-0.04,-0.59,109892.23,73965.247,-0.09896602658788774
533,533,000928.SZ,20180122,6.68,6.87,6.61,6.81,6.72,0.09,1.34,156520.88,105954.087,-0.09104258443465481
534,534,000928.SZ,20180119,6.69,6.79,6.63,6.72,6.68,0.04,0.6,184864.12,124232.65800000001,-0.09374999999999999
535,535,000928.SZ,20180118,6.33,6.83,6.3,6.68,6.36,0.32,5.03,234896.18,155065.603,-0.09580838323353288
536,536,000928.SZ,20180117,6.31,6.4,6.25,6.36,6.33,0.03,0.47,73126.53,46337.312999999995,-0.07861635220125786
537,537,000928.SZ,20180116,6.25,6.33,6.2,6.33,6.27,0.06,0.96,80115.67,50301.657,-0.08214849921011065
538,538,000928.SZ,20180115,6.6,6.6,6.26,6.27,6.61,-0.34,-5.14,172596.76,110334.98800000001,-0.08133971291866025
539,539,000928.SZ,20180112,6.65,6.7,6.55,6.61,6.64,-0.03,-0.45,99095.39,65499.8,-0.1452344931921331
540,540,000928.SZ,20180111,6.74,6.75,6.59,6.64,6.74,-0.1,-1.48,111791.91,74122.161,-0.091867469879518
541,541,000928.SZ,20180110,6.88,6.9,6.7,6.74,6.92,-0.18,-2.6,155167.56,105150.28199999999,-0.1172106824925816
542,542,000928.SZ,20180109,7.03,7.06,6.85,6.92,7.0,-0.08,-1.14,171967.27,119066.17199999999,-0.14739884393063576
543,543,000928.SZ,20180108,6.7,7.16,6.7,7.0,6.77,0.23,3.4,246568.21,172737.763,-0.10857142857142854
544,544,000928.SZ,20180105,6.68,6.92,6.61,6.77,6.66,0.11,1.65,255764.54,173816.62399999998,-0.09158050221565721
545,545,000928.SZ,20180104,6.69,6.72,6.6,6.66,6.72,-0.06,-0.89,157608.49,104912.65,-0.07957957957957962
546,546,000928.SZ,20180103,6.65,6.75,6.56,6.72,6.58,0.14,2.13,246106.01,164373.975,-0.035714285714285615
547,547,000928.SZ,20180102,6.54,6.61,6.47,6.58,6.51,0.07,1.08,150223.18,98599.32800000001,0.010638297872340469
