,Unnamed: 0,ts_code,trade_date,open,high,low,close,pre_close,change,pct_chg,vol,amount,yield
0,0,000952.SZ,20200403,10.52,10.99,10.47,10.94,10.59,0.35,3.305,164682.39,178092.80399999997,
1,1,000952.SZ,20200402,10.53,10.59,10.24,10.59,10.7,-0.11,-1.028,68346.1,71356.398,
2,2,000952.SZ,20200401,10.9,10.9,10.48,10.7,10.97,-0.27,-2.4613,106251.99,112976.707,
3,3,000952.SZ,20200331,10.66,11.03,10.51,10.97,10.64,0.33,3.1015,130625.78,141784.02599999998,
4,4,000952.SZ,20200330,10.4,10.76,10.24,10.64,10.58,0.06,0.5671,76493.13,80199.41,
5,5,000952.SZ,20200327,10.68,10.97,10.48,10.58,10.65,-0.07,-0.6573,96065.94,103502.362,
6,6,000952.SZ,20200326,10.56,10.85,10.53,10.65,10.65,0.0,0.0,62927.01,67329.592,
7,7,000952.SZ,20200325,10.72,10.75,10.5,10.65,10.56,0.09,0.8523,69691.53,74104.94900000001,
8,8,000952.SZ,20200324,10.73,10.79,10.35,10.56,10.6,-0.04,-0.3774,80545.84,84839.752,
9,9,000952.SZ,20200323,10.18,10.9,10.01,10.6,10.28,0.32,3.1128,122008.65,128882.90199999999,
10,10,000952.SZ,20200320,10.01,10.28,10.0,10.28,9.95,0.33,3.3166,55383.68,56394.087,
11,11,000952.SZ,20200319,9.77,10.04,9.68,9.95,9.82,0.13,1.3238,40200.52,39849.779,
12,12,000952.SZ,20200318,10.13,10.23,9.8,9.82,10.01,-0.19,-1.8981,45814.55,45945.965,
13,13,000952.SZ,20200317,9.95,10.08,9.54,10.01,9.98,0.03,0.3006,54357.36,53309.015999999996,
14,14,000952.SZ,20200316,10.2,10.59,9.95,9.98,10.16,-0.18,-1.7717,50563.02,52051.60400000001,
15,15,000952.SZ,20200313,9.81,10.26,9.78,10.16,10.3,-0.14,-1.3592,49966.43,50035.3,
16,16,000952.SZ,20200312,10.36,10.45,10.18,10.3,10.57,-0.27,-2.5544,48467.33,49986.607,
17,17,000952.SZ,20200311,10.68,10.88,10.54,10.57,10.54,0.03,0.2846,52037.57,55722.287000000004,
18,18,000952.SZ,20200310,10.34,10.62,10.05,10.54,10.55,-0.01,-0.0948,57925.69,60051.795,
19,19,000952.SZ,20200309,10.61,10.85,10.54,10.55,10.67,-0.12,-1.1246,58825.81,63100.565,
20,20,000952.SZ,20200306,10.54,10.81,10.54,10.67,10.72,-0.05,-0.4664,55515.34,59415.181,0.025304592314901554
21,21,000952.SZ,20200305,10.73,10.85,10.59,10.72,10.66,0.06,0.5629,76415.82,81930.12400000001,-0.012126865671641862
22,22,000952.SZ,20200304,10.27,10.74,10.21,10.66,10.35,0.31,2.9952,80607.98,84981.46699999999,0.0037523452157597697
23,23,000952.SZ,20200303,10.32,10.54,10.32,10.35,10.29,0.06,0.5831,42599.59,44353.893,0.059903381642512174
24,24,000952.SZ,20200302,10.0,10.32,10.0,10.29,10.06,0.23,2.2863,35676.45,36447.056000000004,0.03401360544217701
25,25,000952.SZ,20200228,10.0,10.26,9.95,10.06,10.36,-0.3,-2.8958,66420.74,67243.681,0.05168986083499001
26,26,000952.SZ,20200227,10.5,10.52,10.3,10.36,10.48,-0.12,-1.145,49721.37,51623.224,0.027992277992278082
27,27,000952.SZ,20200226,10.74,10.74,10.47,10.48,10.85,-0.37,-3.4101,80525.26,85276.35,0.01622137404580152
28,28,000952.SZ,20200225,10.88,11.0,10.6,10.85,11.06,-0.21,-1.8987,95725.44,103636.32699999999,-0.026728110599078262
29,29,000952.SZ,20200224,10.85,11.1,10.76,11.06,10.85,0.21,1.9355,114300.11,125061.746,-0.04159132007233281
30,30,000952.SZ,20200221,10.95,10.98,10.67,10.85,10.9,-0.05,-0.4587,121149.07,131085.604,-0.05253456221198159
31,31,000952.SZ,20200220,11.18,11.35,10.83,10.9,10.58,0.32,3.0246,180072.14,198385.009,-0.08715596330275238
32,32,000952.SZ,20200219,10.72,10.91,10.54,10.58,10.85,-0.27,-2.4885,93596.0,99970.823,-0.07183364839319469
33,33,000952.SZ,20200218,10.68,10.93,10.46,10.85,10.67,0.18,1.6869999999999998,138096.0,147442.894,-0.07741935483870967
34,34,000952.SZ,20200217,10.88,10.93,10.5,10.67,10.54,0.13,1.2334,97228.46,103667.30099999999,-0.06466729147141513
35,35,000952.SZ,20200214,10.61,10.95,10.5,10.54,10.49,0.05,0.4766,119615.95,128317.189,-0.03605313092979118
36,36,000952.SZ,20200213,10.37,10.67,10.34,10.49,10.33,0.16,1.5489,105540.16,110988.216,-0.01811248808388937
37,37,000952.SZ,20200212,10.37,10.44,10.25,10.33,10.49,-0.16,-1.5253,59332.17,61271.84,0.023233301064859654
38,38,000952.SZ,20200211,10.17,10.54,9.99,10.49,10.19,0.3,2.9441,105544.08,108567.89199999999,0.0047664442326023765
39,39,000952.SZ,20200210,10.48,10.48,10.06,10.19,10.6,-0.41,-3.8679,105709.21,107855.989,0.03532875368007863
40,40,000952.SZ,20200207,11.03,11.17,10.54,10.6,11.09,-0.49,-4.4184,174544.3,188260.95,0.0066037735849056875
41,41,000952.SZ,20200206,11.0,11.52,10.92,11.09,11.19,-0.1,-0.8937,233629.98,263561.272,-0.033363390441839426
42,42,000952.SZ,20200205,10.71,11.25,10.55,11.19,10.88,0.31,2.8493,214516.58,232902.865,-0.047363717605004414
43,43,000952.SZ,20200204,11.07,11.37,10.51,10.88,11.06,-0.18,-1.6275,218253.0,237031.053,-0.048713235294117745
44,44,000952.SZ,20200203,10.5,11.29,9.74,11.06,10.26,0.8,7.7973,309122.32,331444.026,-0.06962025316455708
45,45,000952.SZ,20200123,9.96,10.39,9.91,10.26,10.09,0.17,1.6848,118994.97,120885.39300000001,-0.01949317738791416
46,46,000952.SZ,20200122,10.48,10.48,9.81,10.09,10.49,-0.4,-3.8132,158296.56,159055.706,0.026759167492566856
47,47,000952.SZ,20200121,9.61,10.49,9.6,10.49,9.54,0.95,9.9581,265870.71,275992.401,-0.0009532888465204754
48,48,000952.SZ,20200120,9.66,9.7,9.31,9.54,9.88,-0.34,-3.4413,55964.85,53325.542,0.1373165618448638
49,49,000952.SZ,20200117,9.86,9.94,9.7,9.88,9.88,0.0,0.0,25713.54,25316.28,0.11943319838056676
50,50,000952.SZ,20200116,10.09,10.11,9.84,9.88,10.09,-0.21,-2.0813,32047.87,31883.132999999998,0.09817813765182173
51,51,000952.SZ,20200115,9.9,10.09,9.86,10.09,9.93,0.16,1.6113,48182.14,48185.835999999996,0.08027750247770074
52,52,000952.SZ,20200114,9.9,9.99,9.76,9.93,9.87,0.06,0.6079,41293.86,40764.277,0.0654582074521652
53,53,000952.SZ,20200113,9.76,10.09,9.75,9.87,9.8,0.07,0.7143,46861.1,46381.622,0.09929078014184402
54,54,000952.SZ,20200110,9.63,9.89,9.59,9.8,9.6,0.2,2.0833,59713.36,58320.71400000001,0.08877551020408155
55,55,000952.SZ,20200109,9.5,9.62,9.49,9.6,9.44,0.16,1.6949,27457.37,26289.367000000002,0.09791666666666662
56,56,000952.SZ,20200108,9.6,9.6,9.41,9.44,9.64,-0.2,-2.0747,28693.69,27259.803,0.11122881355932211
57,57,000952.SZ,20200107,9.55,9.65,9.54,9.64,9.56,0.08,0.8368,28003.69,26885.481,0.07157676348547712
58,58,000952.SZ,20200106,9.55,9.65,9.48,9.56,9.57,-0.01,-0.1045,31723.16,30345.908,0.09728033472803344
59,59,000952.SZ,20200103,9.6,9.64,9.5,9.57,9.61,-0.04,-0.4162,25087.0,23996.463,0.06478578892371988
60,60,000952.SZ,20200102,9.54,9.61,9.45,9.61,9.53,0.08,0.8395,37245.41,35543.771,0.10301768990634759
61,61,000952.SZ,20191231,9.35,9.69,9.32,9.53,9.37,0.16,1.7076,44813.34,42636.119000000006,0.1636935991605457
62,62,000952.SZ,20191230,9.42,9.42,9.26,9.37,9.33,0.04,0.4287,22225.08,20729.7,0.19423692636072576
63,63,000952.SZ,20191227,9.42,9.47,9.3,9.33,9.45,-0.12,-1.2698,20482.0,19250.942,0.16613076098606652
64,64,000952.SZ,20191226,9.37,9.45,9.33,9.45,9.36,0.09,0.9615,17998.01,16918.549,0.1703703703703705
65,65,000952.SZ,20191225,9.36,9.44,9.34,9.36,9.39,-0.03,-0.3195,10765.69,10109.062,0.0961538461538462
66,66,000952.SZ,20191224,9.29,9.4,9.28,9.39,9.29,0.1,1.0764,10081.02,9421.251,0.07454739084132048
67,67,000952.SZ,20191223,9.43,9.48,9.28,9.29,9.46,-0.17,-1.797,21191.01,19878.144,0.12917115177610347
68,68,000952.SZ,20191220,9.57,9.59,9.43,9.46,9.59,-0.13,-1.3556,26034.66,24658.039,0.008456659619450135
69,69,000952.SZ,20191219,9.4,9.59,9.34,9.59,9.4,0.19,2.0213,34905.66,33093.215,0.030239833159541287
70,70,000952.SZ,20191218,9.35,9.42,9.3,9.4,9.38,0.02,0.2132,23540.2,22045.68,0.05106382978723409
71,71,000952.SZ,20191217,9.26,9.39,9.23,9.38,9.28,0.1,1.0776,31178.17,29076.842,0.07569296375266514
72,72,000952.SZ,20191216,9.23,9.29,9.15,9.28,9.26,0.02,0.21600000000000003,28295.74,26088.965,0.07004310344827591
73,73,000952.SZ,20191213,9.11,9.4,9.09,9.26,9.09,0.17,1.8702,57050.84,52702.288,0.06587473002159822
74,74,000952.SZ,20191212,9.07,9.13,9.03,9.09,9.08,0.01,0.1101,12887.31,11697.555,0.0781078107810782
75,75,000952.SZ,20191211,9.12,9.17,9.05,9.08,9.15,-0.07,-0.765,15221.59,13835.151000000002,0.057268722466960305
76,76,000952.SZ,20191210,9.13,9.19,9.12,9.15,9.12,0.03,0.3289,9132.0,8350.913,0.03169398907103816
77,77,000952.SZ,20191209,9.2,9.21,9.12,9.12,9.2,-0.08,-0.8696,10260.95,9381.19,0.05701754385964927
78,78,000952.SZ,20191206,9.15,9.22,9.11,9.2,9.16,0.04,0.4367,13630.05,12486.046999999999,0.03913043478260883
79,79,000952.SZ,20191205,9.13,9.16,9.09,9.16,9.09,0.07,0.7701,11349.43,10359.045,0.04475982532751093
80,80,000952.SZ,20191204,9.07,9.11,9.05,9.09,9.09,0.0,0.0,8326.13,7563.66,0.05720572057205716
81,81,000952.SZ,20191203,9.11,9.11,9.02,9.09,9.11,-0.02,-0.2195,7262.0,6580.588000000001,0.04840484048404835
82,82,000952.SZ,20191202,9.11,9.19,9.09,9.11,9.12,-0.01,-0.1096,8036.0,7323.263000000001,0.028540065861690427
83,83,000952.SZ,20191129,9.13,9.14,9.03,9.12,9.1,0.02,0.2198,11104.5,10079.926,0.02302631578947378
84,84,000952.SZ,20191128,9.12,9.16,9.09,9.1,9.12,-0.02,-0.2193,8924.0,8138.991999999999,0.03846153846153842
85,85,000952.SZ,20191127,9.15,9.15,9.08,9.12,9.15,-0.03,-0.3279,8547.13,7790.374,0.026315789473684237
86,86,000952.SZ,20191126,9.17,9.22,9.12,9.15,9.16,-0.01,-0.1092,9079.09,8326.244,0.026229508196721332
87,87,000952.SZ,20191125,9.17,9.23,9.03,9.16,9.16,0.0,0.0,17807.2,16256.208,0.014192139737991157
88,88,000952.SZ,20191122,9.28,9.36,9.11,9.16,9.29,-0.13,-1.3994,21237.49,19561.253,0.032751091703056845
89,89,000952.SZ,20191121,9.4,9.44,9.21,9.29,9.46,-0.17,-1.797,22252.12,20707.997,0.032292787944025916
90,90,000952.SZ,20191120,9.43,9.54,9.37,9.46,9.46,0.0,0.0,29558.01,27928.002999999997,-0.00634249471458779
91,91,000952.SZ,20191119,9.39,9.47,9.34,9.46,9.49,-0.03,-0.3161,28251.8,26575.932999999997,-0.008456659619450324
92,92,000952.SZ,20191118,9.27,9.53,9.18,9.49,9.2,0.29,3.1522,37636.6,35453.004,-0.022128556375131808
93,93,000952.SZ,20191115,9.01,9.47,9.01,9.2,9.09,0.11,1.2101,37498.0,34921.828,0.006521739130434837
94,94,000952.SZ,20191114,9.06,9.14,8.98,9.09,9.1,-0.01,-0.1099,14474.78,13122.295,0.0
95,95,000952.SZ,20191113,9.22,9.31,9.08,9.1,9.25,-0.15,-1.6216,16922.0,15514.875,-0.002197802197802151
96,96,000952.SZ,20191112,9.07,9.25,9.02,9.25,9.08,0.17,1.8722,12902.2,11764.976,-0.010810810810810773
97,97,000952.SZ,20191111,9.36,9.36,9.06,9.08,9.35,-0.27,-2.8877,19069.0,17422.412,0.004405286343612241
98,98,000952.SZ,20191108,9.53,9.57,9.34,9.35,9.5,-0.15,-1.5789,14517.0,13671.063999999998,-0.01604278074866314
99,99,000952.SZ,20191107,9.33,9.5,9.25,9.5,9.29,0.21,2.2605,18974.48,17828.765,-0.03578947368421051
100,100,000952.SZ,20191106,9.41,9.47,9.24,9.29,9.43,-0.14,-1.4846,16528.03,15446.306999999999,-0.021528525296017148
101,101,000952.SZ,20191105,9.42,9.53,9.39,9.43,9.43,0.0,0.0,19605.1,18540.612,-0.03605514316012724
102,102,000952.SZ,20191104,9.48,9.59,9.39,9.43,9.47,-0.04,-0.4224,38742.89,36742.948,-0.03393425238600215
103,103,000952.SZ,20191101,9.17,9.55,9.07,9.47,9.18,0.29,3.159,56107.02,52985.920999999995,-0.03695881731784598
104,104,000952.SZ,20191031,8.97,9.39,8.97,9.18,8.9,0.28,3.1461,37529.56,34421.279,-0.008714596949891075
105,105,000952.SZ,20191030,9.16,9.16,8.86,8.9,9.16,-0.26,-2.8384,24153.57,21698.792,0.024719101123595377
106,106,000952.SZ,20191029,9.27,9.27,9.08,9.16,9.27,-0.11,-1.1866,13127.02,12021.4,-0.0010917030567685357
107,107,000952.SZ,20191028,9.18,9.29,9.17,9.27,9.21,0.06,0.6515,9986.56,9218.579,-0.011866235167205981
108,108,000952.SZ,20191025,9.15,9.22,9.09,9.21,9.15,0.06,0.6557,10183.01,9323.207,-0.005428881650380099
109,109,000952.SZ,20191024,9.16,9.23,9.08,9.15,9.15,0.0,0.0,7441.97,6807.124,0.0153005464480873
110,110,000952.SZ,20191023,9.23,9.3,9.14,9.15,9.21,-0.06,-0.6515,8019.0,7388.682,0.03387978142076508
111,111,000952.SZ,20191022,9.08,9.23,9.08,9.21,9.07,0.14,1.5436,10344.01,9476.521999999999,0.027144408251900107
112,112,000952.SZ,20191021,9.12,9.16,9.01,9.07,9.18,-0.11,-1.1983,10895.02,9871.339,0.046306504961411234
113,113,000952.SZ,20191018,9.41,9.41,9.12,9.18,9.32,-0.14,-1.5021,12244.92,11300.108999999999,0.0021786492374727207
114,114,000952.SZ,20191017,9.41,9.45,9.29,9.32,9.44,-0.12,-1.2712,8183.0,7650.693,-0.024678111587982877
115,115,000952.SZ,20191016,9.46,9.51,9.35,9.44,9.46,-0.02,-0.2114,11114.86,10487.247,-0.03601694915254236
116,116,000952.SZ,20191015,9.45,9.48,9.41,9.46,9.45,0.01,0.1058,10634.0,10044.447,-0.02219873150105717
117,117,000952.SZ,20191014,9.37,9.53,9.34,9.45,9.33,0.12,1.2862,14278.0,13491.788999999999,-0.03915343915343907
118,118,000952.SZ,20191011,9.3,9.37,9.23,9.33,9.28,0.05,0.5388,10992.01,10254.882,0.002143622722400812
119,119,000952.SZ,20191010,9.25,9.29,9.18,9.28,9.23,0.05,0.5417,9439.68,8715.48,0.02370689655172421
120,120,000952.SZ,20191009,9.11,9.23,9.08,9.23,9.11,0.12,1.3172,10849.0,9939.876,0.006500541711809179
121,121,000952.SZ,20191008,9.11,9.18,9.06,9.11,9.11,0.0,0.0,9383.01,8560.896,0.035126234906695974
122,122,000952.SZ,20190930,9.15,9.19,9.09,9.11,9.16,-0.05,-0.5459,7537.51,6878.226,0.035126234906695974
123,123,000952.SZ,20190927,9.17,9.21,9.13,9.16,9.17,-0.01,-0.1091,10585.5,9707.947,0.03384279475982538
124,124,000952.SZ,20190926,9.29,9.38,9.15,9.17,9.27,-0.1,-1.0787,12792.0,11776.877,0.0010905125408941971
125,125,000952.SZ,20190925,9.49,9.49,9.27,9.27,9.49,-0.22,-2.3182,16324.61,15250.85,-0.03991370010787478
126,126,000952.SZ,20190924,9.46,9.56,9.41,9.49,9.46,0.03,0.3171,12820.52,12198.568000000001,-0.03477344573234985
127,127,000952.SZ,20190923,9.58,9.63,9.4,9.46,9.62,-0.16,-1.6632,14350.02,13581.508,-0.020084566596194637
128,128,000952.SZ,20190920,9.58,9.72,9.56,9.62,9.59,0.03,0.3128,13281.02,12812.488000000001,-0.042619542619542455
129,129,000952.SZ,20190919,9.46,9.63,9.44,9.59,9.46,0.13,1.3742,14089.1,13452.476,-0.04588112617309693
130,130,000952.SZ,20190918,9.46,9.53,9.43,9.46,9.46,0.0,0.0,11737.16,11115.399,-0.03276955602537003
131,131,000952.SZ,20190917,9.67,9.72,9.41,9.46,9.67,-0.21,-2.1717,18770.0,17915.709,-0.02642706131078224
132,132,000952.SZ,20190916,9.73,9.77,9.67,9.67,9.73,-0.06,-0.6166,18090.12,17580.005,-0.062047569803515994
133,133,000952.SZ,20190912,9.66,9.75,9.63,9.73,9.69,0.04,0.4128,16023.0,15527.188999999998,-0.05652620760534437
134,134,000952.SZ,20190911,9.9,9.96,9.68,9.69,9.87,-0.18,-1.8237,32393.02,31678.31,-0.03818369453044368
135,135,000952.SZ,20190910,9.75,9.93,9.67,9.87,9.75,0.12,1.2308,42312.13,41648.92,-0.04356636271529886
136,136,000952.SZ,20190909,9.66,9.75,9.63,9.75,9.61,0.14,1.4568,29168.42,28263.637000000002,-0.029743589743589656
137,137,000952.SZ,20190906,9.71,9.78,9.5,9.61,9.7,-0.09,-0.9278,26041.01,24990.011000000002,-0.016649323621227903
138,138,000952.SZ,20190905,9.65,9.81,9.65,9.7,9.65,0.05,0.5181,31699.74,30852.833,-0.038144329896907136
139,139,000952.SZ,20190904,9.67,9.69,9.59,9.65,9.66,-0.01,-0.1035,17262.0,16642.815,-0.0383419689119172
140,140,000952.SZ,20190903,9.6,9.68,9.58,9.66,9.63,0.03,0.3115,15577.0,15009.421999999999,-0.04451345755693579
141,141,000952.SZ,20190902,9.4,9.72,9.4,9.63,9.43,0.2,2.1209,23695.0,22833.427000000003,-0.0539979231568018
142,142,000952.SZ,20190830,9.68,9.68,9.41,9.43,9.62,-0.19,-1.9751,24488.49,23372.732999999997,-0.03393425238600215
143,143,000952.SZ,20190829,9.42,9.78,9.31,9.62,9.4,0.22,2.3404,48802.66,46671.434,-0.04781704781704772
144,144,000952.SZ,20190828,9.74,9.74,9.36,9.4,9.85,-0.45,-4.5685,61754.56,58894.042,-0.024468085106383024
145,145,000952.SZ,20190827,9.28,10.18,9.26,9.85,9.25,0.6,6.4865,97077.87,96302.31300000001,-0.058883248730964476
146,146,000952.SZ,20190826,9.1,9.37,9.06,9.25,9.27,-0.02,-0.2157,14214.01,13083.76,0.02594594594594597
147,147,000952.SZ,20190823,9.22,9.39,9.1,9.27,9.19,0.08,0.8705,20015.0,18555.677,0.020496224379719666
148,148,000952.SZ,20190822,9.16,9.2,9.13,9.19,9.15,0.04,0.4372,5996.06,5501.776,0.046789989118607156
149,149,000952.SZ,20190821,9.17,9.21,9.12,9.15,9.17,-0.02,-0.2181,6617.0,6057.031,0.04808743169398901
150,150,000952.SZ,20190820,9.16,9.25,9.11,9.17,9.17,0.0,0.0,12240.1,11227.73,0.03162486368593249
151,151,000952.SZ,20190819,8.93,9.23,8.93,9.17,8.92,0.25,2.8027,18517.0,16876.915,0.03162486368593249
152,152,000952.SZ,20190816,8.87,8.99,8.83,8.92,8.9,0.02,0.2247,10946.84,9768.93,0.08408071748878924
153,153,000952.SZ,20190815,8.8,8.91,8.7,8.9,8.93,-0.03,-0.3359,11997.0,10531.576000000001,0.09325842696629214
154,154,000952.SZ,20190814,8.96,9.02,8.92,8.93,8.91,0.02,0.2245,7337.16,6585.718000000001,0.08510638297872339
155,155,000952.SZ,20190813,8.92,8.96,8.83,8.91,9.01,-0.1,-1.1099,6694.0,5951.744000000001,0.10774410774410764
156,156,000952.SZ,20190812,8.88,9.11,8.88,9.01,9.01,0.0,0.0,6052.0,5430.52,0.08213096559378472
157,157,000952.SZ,20190809,9.04,9.21,9.0,9.01,8.98,0.03,0.3341,10818.21,9832.944,0.06659267480577133
158,158,000952.SZ,20190808,8.96,9.04,8.91,8.98,8.96,0.02,0.2232,4367.13,3928.9309999999996,0.08017817371937626
159,159,000952.SZ,20190807,8.94,9.02,8.93,8.96,8.94,0.02,0.2237,7914.0,7097.495,0.0770089285714285
160,160,000952.SZ,20190806,9.19,9.26,8.79,8.94,9.39,-0.45,-4.7923,20134.1,18089.726000000002,0.08053691275167793
161,161,000952.SZ,20190805,9.55,9.55,9.38,9.39,9.56,-0.17,-1.7782,9353.0,8834.705,0.025559105431309924
162,162,000952.SZ,20190802,9.72,9.72,9.5,9.56,9.76,-0.2,-2.0492,14399.6,13796.738000000001,-0.013598326359832717
163,163,000952.SZ,20190801,9.73,9.8,9.7,9.76,9.74,0.02,0.2053,6982.0,6797.984,-0.014344262295082027
164,164,000952.SZ,20190731,9.79,9.79,9.73,9.74,9.79,-0.05,-0.5107,7090.78,6912.905,-0.034907597535934275
165,165,000952.SZ,20190730,9.83,9.88,9.77,9.79,9.76,0.03,0.3074,8306.6,8152.439,0.006128702757916292
166,166,000952.SZ,20190729,9.87,9.87,9.74,9.76,9.89,-0.13,-1.3145,10160.0,9951.712,-0.05225409836065572
167,167,000952.SZ,20190726,9.76,9.95,9.73,9.89,9.76,0.13,1.3319999999999999,20440.15,20151.884,-0.06268958543983831
168,168,000952.SZ,20190725,9.72,9.78,9.71,9.76,9.73,0.03,0.3083,8823.6,8597.766,-0.058401639344262325
169,169,000952.SZ,20190724,9.69,9.75,9.68,9.73,9.68,0.05,0.5165,12262.0,11935.195,-0.059609455292908536
170,170,000952.SZ,20190723,9.66,9.73,9.64,9.68,9.64,0.04,0.4149,5563.12,5387.576,-0.05268595041322312
171,171,000952.SZ,20190722,9.84,9.88,9.62,9.64,9.87,-0.23,-2.3303,12845.0,12440.947,-0.048755186721991764
172,172,000952.SZ,20190719,9.86,9.94,9.85,9.87,9.84,0.03,0.3049,8636.52,8531.917,-0.09625126646403236
173,173,000952.SZ,20190718,9.98,9.98,9.83,9.84,9.99,-0.15,-1.5015,12427.51,12269.525,-0.0955284552845528
174,174,000952.SZ,20190717,10.05,10.05,9.95,9.99,10.05,-0.06,-0.597,15922.11,15891.88,-0.10610610610610616
175,175,000952.SZ,20190716,9.84,10.08,9.82,10.05,9.89,0.16,1.6178,21388.01,21399.493,-0.11343283582089557
176,176,000952.SZ,20190715,9.86,9.94,9.72,9.89,9.96,-0.07,-0.7028,20895.01,20580.816000000003,-0.0889787664307382
177,177,000952.SZ,20190712,9.97,10.02,9.95,9.96,9.97,-0.01,-0.1003,12282.5,12250.876,-0.09538152610441777
178,178,000952.SZ,20190711,9.96,10.05,9.9,9.97,9.9,0.07,0.7071,14342.0,14316.493999999999,-0.09929789368104315
179,179,000952.SZ,20190710,10.04,10.05,9.86,9.9,10.02,-0.12,-1.1976,17367.0,17251.194,-0.0949494949494949
180,180,000952.SZ,20190709,10.05,10.08,9.9,10.02,10.09,-0.07,-0.6938,25917.95,25813.466,-0.10778443113772457
181,181,000952.SZ,20190708,10.32,10.33,10.01,10.09,10.46,-0.37,-3.5373,53683.79,54293.535,-0.06937561942517337
182,182,000952.SZ,20190705,10.0,10.55,9.96,10.46,9.98,0.48,4.8096,87823.32,90691.35699999999,-0.08604206500956026
183,183,000952.SZ,20190704,10.0,10.03,9.95,9.98,10.03,-0.05,-0.4985,10730.46,10705.331,-0.02204408817635277
184,184,000952.SZ,20190703,10.12,10.13,9.97,10.03,10.1,-0.07,-0.6931,13581.28,13600.945,-0.02891326021934189
185,185,000952.SZ,20190702,10.07,10.14,10.05,10.1,10.12,-0.02,-0.1976,17273.0,17435.162,-0.030693069306930745
186,186,000952.SZ,20190701,10.02,10.12,10.0,10.12,9.95,0.17,1.7085,25200.82,25374.599,-0.035573122529644216
187,187,000952.SZ,20190628,10.0,10.0,9.88,9.95,10.01,-0.06,-0.5994,14364.0,14248.283000000001,-0.0060301507537687165
188,188,000952.SZ,20190627,10.05,10.09,9.99,10.01,10.0,0.01,0.1,11945.77,11981.792,-0.024975024975024976
189,189,000952.SZ,20190626,10.0,10.05,9.97,10.0,10.0,0.0,0.0,10076.53,10090.936,-0.026999999999999958
190,190,000952.SZ,20190625,10.07,10.09,9.93,10.0,10.04,-0.04,-0.3984,17703.0,17651.183,-0.03200000000000003
191,191,000952.SZ,20190624,10.15,10.18,10.03,10.04,10.15,-0.11,-1.0837,17726.0,17858.256999999998,-0.039840637450199064
192,192,000952.SZ,20190621,10.1,10.22,10.09,10.15,10.09,0.06,0.5946,21957.0,22288.731,-0.027586206896551835
193,193,000952.SZ,20190620,9.97,10.14,9.93,10.09,10.0,0.09,0.9,27284.19,27415.035,-0.024777006937561942
194,194,000952.SZ,20190619,9.93,10.04,9.91,10.0,9.82,0.18,1.8330000000000002,25399.37,25311.956000000002,-0.0009999999999999788
195,195,000952.SZ,20190618,9.84,9.88,9.78,9.82,9.83,-0.01,-0.1017,7398.0,7276.293000000001,0.023421588594704727
196,196,000952.SZ,20190617,9.79,9.87,9.79,9.83,9.75,0.08,0.8205,10486.31,10308.621,0.006103763987792522
197,197,000952.SZ,20190614,9.87,9.9,9.72,9.75,9.87,-0.12,-1.2158,13762.0,13475.788999999999,0.021538461538461624
198,198,000952.SZ,20190613,9.9,9.92,9.82,9.87,9.85,0.02,0.203,11920.0,11757.515,0.010131712259371978
199,199,000952.SZ,20190612,9.88,9.91,9.8,9.85,9.9,-0.05,-0.5051,11188.0,11007.667,0.005076142131979768
200,200,000952.SZ,20190611,9.67,9.91,9.67,9.9,9.66,0.24,2.4845,18009.44,17675.733,0.012121212121212041
201,201,000952.SZ,20190610,9.64,9.72,9.59,9.66,9.64,0.02,0.2075,7050.37,6802.835999999999,0.04451345755693579
202,202,000952.SZ,20190606,9.81,9.81,9.63,9.64,9.81,-0.17,-1.7329,12722.0,12320.645,0.08506224066390045
203,203,000952.SZ,20190605,9.87,9.94,9.8,9.81,9.84,-0.03,-0.3049,8569.0,8434.826,0.017329255861365946
204,204,000952.SZ,20190604,9.92,9.97,9.81,9.84,9.92,-0.08,-0.8065,15739.07,15500.135,0.019308943089430843
205,205,000952.SZ,20190603,9.86,10.06,9.86,9.92,9.93,-0.01,-0.1007,15555.0,15493.841999999999,0.01814516129032255
206,206,000952.SZ,20190531,9.95,9.98,9.89,9.93,9.91,0.02,0.2018,9501.2,9438.243,0.019133937562940535
207,207,000952.SZ,20190530,9.94,9.94,9.81,9.91,9.97,-0.06,-0.6018,13640.85,13464.67,0.004036326942482255
208,208,000952.SZ,20190529,9.99,10.02,9.92,9.97,9.99,-0.02,-0.2002,12436.8,12403.332,0.004012036108324889
209,209,000952.SZ,20190528,10.01,10.06,9.96,9.99,10.0,-0.01,-0.1,14004.8,14032.185,0.0010010010010009797
210,210,000952.SZ,20190527,9.92,10.02,9.8,10.0,9.85,0.15,1.5228,13496.0,13407.301000000001,0.0
211,211,000952.SZ,20190524,9.85,9.91,9.76,9.85,9.87,-0.02,-0.2026,12611.01,12393.313,0.019289340101522792
212,212,000952.SZ,20190523,9.96,9.98,9.81,9.87,10.0,-0.13,-1.3,14425.0,14260.264,0.028368794326241252
213,213,000952.SZ,20190522,10.06,10.14,9.96,10.0,10.1,-0.1,-0.9901,10529.01,10566.033000000001,0.008999999999999985
214,214,000952.SZ,20190521,10.0,10.14,9.98,10.1,9.98,0.12,1.2024,14911.64,15045.275,-0.009900990099009866
215,215,000952.SZ,20190520,9.95,9.99,9.8,9.98,9.94,0.04,0.4024,11474.0,11366.507,-0.016032064128256526
216,216,000952.SZ,20190517,10.25,10.28,9.91,9.94,10.23,-0.29,-2.8348,23777.0,23890.472,-0.011066398390341996
217,217,000952.SZ,20190516,10.08,10.3,10.07,10.23,10.12,0.11,1.087,23399.71,23817.978,-0.04692082111436954
218,218,000952.SZ,20190515,10.08,10.15,10.02,10.12,9.96,0.16,1.6064,20313.01,20502.242,-0.024703557312252968
219,219,000952.SZ,20190514,9.92,10.06,9.86,9.96,10.08,-0.12,-1.1905,17968.01,17938.561,-0.01104417670682743
220,220,000952.SZ,20190513,10.12,10.17,10.0,10.08,10.15,-0.07,-0.6897,17851.22,18001.166,-0.01785714285714283
221,221,000952.SZ,20190510,10.1,10.19,9.85,10.15,9.97,0.18,1.8054,27191.36,27451.222999999998,-0.04827586206896554
222,222,000952.SZ,20190509,9.95,10.03,9.9,9.97,10.01,-0.04,-0.3996,14406.46,14353.823999999999,-0.033099297893681046
223,223,000952.SZ,20190508,9.86,10.12,9.73,10.01,9.97,0.04,0.4012,23124.13,23135.563,-0.01998001998001991
224,224,000952.SZ,20190507,9.86,10.12,9.86,9.97,9.86,0.11,1.1156,25011.0,24957.961,-0.013039117352056246
225,225,000952.SZ,20190506,10.44,10.48,9.71,9.86,10.64,-0.78,-7.3308,46765.69,46855.032,0.006085192697768814
226,226,000952.SZ,20190430,10.59,10.74,10.53,10.64,10.59,0.05,0.4721,20647.6,21953.409,-0.06672932330827075
227,227,000952.SZ,20190429,10.92,10.96,10.5,10.59,10.87,-0.28,-2.5759,31694.17,33766.222,-0.06421152030217184
228,228,000952.SZ,20190426,10.86,10.99,10.85,10.87,11.02,-0.15,-1.3612,27756.49,30276.576,-0.08279668813247458
229,229,000952.SZ,20190425,11.33,11.47,11.0,11.02,11.43,-0.41,-3.5871,50301.02,56527.867999999995,-0.09346642468239559
230,230,000952.SZ,20190424,11.41,11.48,11.24,11.43,11.36,0.07,0.6162,29475.49,33429.02,-0.12510936132983375
231,231,000952.SZ,20190423,11.4,11.47,11.3,11.36,11.42,-0.06,-0.5254,30774.36,35045.731,-0.1329225352112676
232,232,000952.SZ,20190422,11.65,11.66,11.41,11.42,11.64,-0.22,-1.89,37949.0,43739.98,-0.1357267950963223
233,233,000952.SZ,20190419,11.54,11.66,11.48,11.64,11.56,0.08,0.6920000000000001,36038.13,41688.928,-0.14089347079037806
234,234,000952.SZ,20190418,11.74,11.74,11.5,11.56,11.74,-0.18,-1.5332,47433.36,54966.733,-0.12629757785467136
235,235,000952.SZ,20190417,11.73,11.93,11.66,11.74,11.73,0.01,0.0853,45283.99,53309.143,-0.14991482112436114
236,236,000952.SZ,20190416,11.53,11.74,11.37,11.73,11.61,0.12,1.0336,62242.64,71646.70599999999,-0.15260017050298388
237,237,000952.SZ,20190415,11.79,11.98,11.58,11.61,11.92,-0.31,-2.6007,97863.89,115646.055,-0.11886304909560716
238,238,000952.SZ,20190412,11.98,12.05,11.75,11.92,12.1,-0.18,-1.4876,82899.13,98427.838,-0.15100671140939603
239,239,000952.SZ,20190411,13.0,13.02,12.1,12.1,12.55,-0.45,-3.5857,132716.11,166790.198,-0.1768595041322313
240,240,000952.SZ,20190410,12.09,12.58,11.96,12.55,12.11,0.44,3.6334,143434.3,177506.78100000002,-0.1968127490039841
241,241,000952.SZ,20190409,12.26,12.26,12.01,12.11,12.25,-0.14,-1.1429,71932.49,87139.395,-0.16184971098265888
242,242,000952.SZ,20190408,12.32,12.6,12.05,12.25,12.1,0.15,1.2397,169469.56,208978.57,-0.1861224489795918
243,243,000952.SZ,20190404,11.81,12.18,11.78,12.1,11.76,0.34,2.8912,147048.82,176686.358,-0.17272727272727273
244,244,000952.SZ,20190403,11.58,11.77,11.51,11.76,11.61,0.15,1.2919999999999998,100462.54,117084.07699999999,-0.15221088435374142
245,245,000952.SZ,20190402,11.63,11.75,11.51,11.61,11.66,-0.05,-0.4288,89176.07,103415.194,-0.15073212747631354
246,246,000952.SZ,20190401,11.39,11.69,11.39,11.66,11.38,0.28,2.4605,88499.26,102553.873,-0.08747855917667234
247,247,000952.SZ,20190329,11.17,11.4,11.02,11.38,11.15,0.23,2.0628,63215.91,71160.75200000001,-0.06942003514938497
248,248,000952.SZ,20190328,11.18,11.4,11.12,11.15,11.28,-0.13,-1.1525,43529.74,48966.602999999996,-0.025112107623318485
249,249,000952.SZ,20190327,11.19,11.35,11.12,11.28,11.14,0.14,1.2567,41901.87,46971.755,-0.023049645390070903
250,250,000952.SZ,20190326,11.38,11.45,11.08,11.14,11.38,-0.24,-2.109,46437.49,52296.013,0.026032315978455938
251,251,000952.SZ,20190325,11.45,11.58,11.35,11.38,11.62,-0.24,-2.0654,54777.02,62728.367,-0.0017574692442883435
252,252,000952.SZ,20190322,11.64,11.64,11.41,11.62,11.62,0.0,0.0,56535.27,65129.43,-0.01721170395869185
253,253,000952.SZ,20190321,11.58,11.68,11.5,11.62,11.59,0.03,0.2588,61748.95,71629.166,0.0017211703958693073
254,254,000952.SZ,20190320,11.75,11.76,11.35,11.59,11.75,-0.16,-1.3617,61124.74,70722.881,-0.0025884383088869162
255,255,000952.SZ,20190319,11.79,11.79,11.6,11.75,11.86,-0.11,-0.9275,86718.83,101385.899,-0.0008510638297872159
256,256,000952.SZ,20190318,11.46,11.97,11.3,11.86,11.44,0.42,3.6713,127075.63,147730.954,-0.0109612141652613
257,257,000952.SZ,20190315,11.27,11.48,11.21,11.44,11.3,0.14,1.2389,65188.83,74128.307,0.014860139860139855
258,258,000952.SZ,20190314,11.35,11.48,11.03,11.3,11.36,-0.06,-0.5282,64876.93,72951.713,0.05486725663716807
259,259,000952.SZ,20190313,11.54,11.6,11.27,11.36,11.45,-0.09,-0.7859999999999999,74236.06,85024.82,0.06514084507042256
260,260,000952.SZ,20190312,11.52,11.62,11.26,11.45,11.45,0.0,0.0,101375.19,116333.742,0.09606986899563331
261,261,000952.SZ,20190311,10.91,11.47,10.9,11.45,10.91,0.54,4.9496,69577.32,78048.993,0.057641921397379926
262,262,000952.SZ,20190308,11.39,11.47,10.81,10.91,11.57,-0.66,-5.7044,105424.18,118194.92800000001,0.12282309807516038
263,263,000952.SZ,20190307,11.32,11.8,11.23,11.57,11.26,0.31,2.7531,106802.68,123096.192,0.0458081244598098
264,264,000952.SZ,20190306,11.2,11.27,11.0,11.26,11.12,0.14,1.2590000000000001,90882.38,101324.244,0.04440497335701599
265,265,000952.SZ,20190305,10.9,11.14,10.84,11.12,10.91,0.21,1.9248,72838.85,79969.483,0.04406474820143887
266,266,000952.SZ,20190304,10.83,11.12,10.82,10.91,10.83,0.08,0.7387,93793.86,102680.56199999999,0.06874427131072411
267,267,000952.SZ,20190301,10.87,10.97,10.68,10.83,10.86,-0.03,-0.2762,47430.27,51160.018,0.05078485687903977
268,268,000952.SZ,20190228,10.7,11.0,10.67,10.86,10.68,0.18,1.6854,65127.62,70719.813,0.026703499079189775
269,269,000952.SZ,20190227,10.79,10.88,10.62,10.68,10.76,-0.08,-0.7435,74840.83,80442.232,0.05617977528089885
270,270,000952.SZ,20190226,10.73,11.18,10.56,10.76,10.73,0.03,0.2796,109175.23,118994.141,0.035315985130111596
271,271,000952.SZ,20190225,10.4,10.75,10.32,10.73,10.32,0.41,3.9729,94224.0,99425.394,0.06057781919850888
272,272,000952.SZ,20190222,10.19,10.33,10.12,10.32,10.19,0.13,1.2758,42936.8,44030.199,0.1259689922480619
273,273,000952.SZ,20190221,10.29,10.39,10.18,10.19,10.28,-0.09,-0.8755,48892.01,50302.152,0.14033366045142295
274,274,000952.SZ,20190220,10.32,10.32,10.12,10.28,10.27,0.01,0.0974,33719.21,34447.641,0.12743190661478604
275,275,000952.SZ,20190219,10.35,10.54,10.2,10.27,10.36,-0.09,-0.8687,60200.07,62210.748,0.1441090555014606
276,276,000952.SZ,20190218,10.11,10.38,10.1,10.36,10.06,0.3,2.9821,45946.01,47176.113,0.1447876447876448
277,277,000952.SZ,20190215,10.11,10.12,10.03,10.06,10.11,-0.05,-0.4946,26624.11,26809.441000000003,0.1371769383697812
278,278,000952.SZ,20190214,10.1,10.14,10.03,10.11,10.13,-0.02,-0.1974,35130.0,35393.102,0.11770524233432259
279,279,000952.SZ,20190213,10.04,10.15,10.02,10.13,10.07,0.06,0.5958,45805.42,46214.053,0.12142152023691989
280,280,000952.SZ,20190212,9.92,10.13,9.89,10.07,9.94,0.13,1.3078,33026.96,33236.754,0.13704071499503465
281,281,000952.SZ,20190211,9.71,9.94,9.7,9.94,9.69,0.25,2.58,20495.15,20228.069,0.15191146881287726
282,282,000952.SZ,20190201,9.55,9.69,9.46,9.69,9.45,0.24,2.5397,11373.81,10918.085,0.12590299277605788
283,283,000952.SZ,20190131,9.71,9.75,9.45,9.45,9.7,-0.25,-2.5773,24705.21,23578.433999999997,0.22433862433862445
284,284,000952.SZ,20190130,9.56,9.87,9.56,9.7,9.59,0.11,1.147,12348.38,12044.26,0.1608247422680413
285,285,000952.SZ,20190129,9.65,9.75,9.5,9.59,9.71,-0.12,-1.2358,13776.0,13188.451000000001,0.15954118873826897
286,286,000952.SZ,20190128,9.86,9.92,9.7,9.71,9.86,-0.15,-1.5213,14034.0,13778.508999999998,0.12358393408856841
287,287,000952.SZ,20190125,9.89,9.93,9.84,9.86,9.88,-0.02,-0.2024,12271.0,12116.457,0.09837728194726174
288,288,000952.SZ,20190124,9.88,9.92,9.82,9.88,9.87,0.01,0.1013,9617.0,9500.958,0.09919028340080957
289,289,000952.SZ,20190123,9.88,9.92,9.83,9.87,9.87,0.0,0.0,8389.0,8279.037,0.08206686930091191
290,290,000952.SZ,20190122,10.04,10.04,9.84,9.87,10.04,-0.17,-1.6932,14770.09,14653.194,0.09017223910840938
291,291,000952.SZ,20190121,10.04,10.13,10.01,10.04,10.04,0.0,0.0,19924.0,20062.513,0.06872509960159376
292,292,000952.SZ,20190118,9.9,10.06,9.87,10.04,9.87,0.17,1.7224,18991.85,18939.775,0.027888446215139556
293,293,000952.SZ,20190117,10.02,10.05,9.85,9.87,10.02,-0.15,-1.4969999999999999,16879.16,16717.839,0.0324214792299899
294,294,000952.SZ,20190116,9.97,10.04,9.95,10.02,9.97,0.05,0.5015,13772.01,13768.895,0.02594810379241515
295,295,000952.SZ,20190115,9.91,9.98,9.86,9.97,9.9,0.07,0.7071,12892.39,12795.149,0.030090270812437203
296,296,000952.SZ,20190114,10.0,10.02,9.88,9.9,10.0,-0.1,-1.0,12457.45,12368.761999999999,0.04646464646464637
297,297,000952.SZ,20190111,9.99,10.03,9.97,10.0,10.0,0.0,0.0,11063.0,11061.876,0.0060000000000000496
298,298,000952.SZ,20190110,10.04,10.13,9.97,10.0,10.04,-0.04,-0.3984,15578.0,15631.028999999999,0.010999999999999944
299,299,000952.SZ,20190109,10.0,10.2,9.98,10.04,9.98,0.06,0.6012,24360.65,24580.792,0.008964143426294984
300,300,000952.SZ,20190108,10.07,10.07,9.9,9.98,10.07,-0.09,-0.8937,13407.4,13376.934,0.009018036072144273
301,301,000952.SZ,20190107,10.04,10.08,9.96,10.07,9.96,0.11,1.1044,19578.98,19624.526,-0.012909632571996106
302,302,000952.SZ,20190104,9.79,10.01,9.64,9.96,9.83,0.13,1.3225,19158.61,18949.227,-0.02710843373493989
303,303,000952.SZ,20190103,9.82,10.05,9.8,9.83,9.86,-0.03,-0.3043,9355.84,9264.237,-0.03865717192268574
304,304,000952.SZ,20190102,9.97,10.04,9.85,9.86,9.94,-0.08,-0.8048,7756.08,7692.615,-0.01622718052738338
305,305,000952.SZ,20181228,9.91,10.05,9.89,9.94,9.91,0.03,0.3027,8162.0,8145.281,-0.03521126760563377
306,306,000952.SZ,20181227,10.18,10.2,9.91,9.91,10.07,-0.16,-1.5889,16420.08,16561.964,-0.020181634712411634
307,307,000952.SZ,20181226,10.14,10.21,9.96,10.07,10.11,-0.04,-0.3956,22077.08,22301.839,-0.02085402184707059
308,308,000952.SZ,20181225,9.79,10.25,9.56,10.11,9.84,0.27,2.7439,44663.3,44433.827000000005,-0.022749752720078998
309,309,000952.SZ,20181224,9.7,9.89,9.69,9.84,9.76,0.08,0.8197,11512.68,11298.203000000001,0.003048780487804813
310,310,000952.SZ,20181221,9.77,9.77,9.6,9.76,9.77,-0.01,-0.1024,11022.3,10652.646,0.01127049180327863
311,311,000952.SZ,20181220,9.66,9.8,9.66,9.77,9.74,0.03,0.308,10784.11,10498.12,0.027635619242579283
312,312,000952.SZ,20181219,9.84,9.91,9.69,9.74,9.86,-0.12,-1.217,14309.41,13971.208,0.03080082135523603
313,313,000952.SZ,20181218,9.9,9.98,9.75,9.86,9.92,-0.06,-0.6048,18083.19,17808.215,0.001014198782961439
314,314,000952.SZ,20181217,9.93,9.98,9.75,9.92,9.97,-0.05,-0.5015,19420.74,19146.543999999998,0.010080645161290288
315,315,000952.SZ,20181214,10.16,10.19,9.93,9.97,10.17,-0.2,-1.9666,21683.83,21813.337000000003,0.0
316,316,000952.SZ,20181213,10.03,10.17,10.0,10.17,10.01,0.16,1.5984,23439.0,23692.699,-0.02654867256637164
317,317,000952.SZ,20181212,10.07,10.1,9.98,10.01,10.03,-0.02,-0.1994,15123.73,15160.035,-0.0009990009990009777
318,318,000952.SZ,20181211,10.01,10.1,9.93,10.03,10.01,0.02,0.1998,21716.47,21753.27,-0.0029910269192422096
319,319,000952.SZ,20181210,10.17,10.17,9.91,10.01,10.32,-0.31,-3.0039,42584.77,42739.874,0.0029970029970029332
320,320,000952.SZ,20181207,10.62,10.63,10.2,10.32,10.51,-0.19,-1.8078,39962.13,41343.503,-0.03294573643410851
321,321,000952.SZ,20181206,10.7,10.87,10.5,10.51,10.7,-0.19,-1.7757,54625.54,58400.349,-0.04186489058039957
322,322,000952.SZ,20181205,10.4,10.76,10.36,10.7,10.64,0.06,0.5639,41511.69,44045.117,-0.06915887850467275
323,323,000952.SZ,20181204,10.54,10.73,10.47,10.64,10.52,0.12,1.1407,44146.98,46938.095,-0.07612781954887222
324,324,000952.SZ,20181203,10.42,10.63,10.35,10.52,10.15,0.37,3.6453,52257.98,54785.43,-0.06273764258555135
325,325,000952.SZ,20181130,9.98,10.17,9.95,10.15,10.0,0.15,1.5,28730.38,28883.528,-0.020689655172413876
326,326,000952.SZ,20181129,10.29,10.48,9.98,10.0,10.23,-0.23,-2.2483,33871.57,34632.342000000004,-0.008999999999999985
327,327,000952.SZ,20181128,10.31,10.36,9.88,10.23,10.37,-0.14,-1.35,46146.15,46806.594000000005,-0.015640273704789848
328,328,000952.SZ,20181127,10.52,10.63,10.31,10.37,10.5,-0.13,-1.2381,36986.37,38715.021,-0.025072324011571823
329,329,000952.SZ,20181126,10.48,10.77,10.37,10.5,10.5,0.0,0.0,42376.44,44760.677,-0.06285714285714288
330,330,000952.SZ,20181123,10.96,10.97,10.42,10.5,11.14,-0.64,-5.7451,89589.99,96042.62800000001,-0.0704761904761905
331,331,000952.SZ,20181122,10.55,11.46,10.48,11.14,10.54,0.6,5.6926,117486.79,128179.823,-0.12298025134649919
332,332,000952.SZ,20181121,10.36,10.57,10.22,10.54,10.39,0.15,1.4437,45616.12,47408.488,-0.07590132827324468
333,333,000952.SZ,20181120,10.65,10.65,10.33,10.39,10.69,-0.3,-2.8064,55529.4,58188.054000000004,-0.05101058710298374
334,334,000952.SZ,20181119,10.47,10.7,10.4,10.69,10.41,0.28,2.6897,61261.41,64626.217000000004,-0.07202993451824131
335,335,000952.SZ,20181116,10.32,10.48,10.32,10.41,10.33,0.08,0.7744,47023.1,48957.239,-0.04226705091258401
336,336,000952.SZ,20181115,10.15,10.34,10.13,10.33,10.19,0.14,1.3739,37600.13,38639.044,-0.015488867376573102
337,337,000952.SZ,20181114,10.24,10.37,10.15,10.19,10.27,-0.08,-0.779,41952.33,43077.357,-0.017664376840039228
338,338,000952.SZ,20181113,9.96,10.32,9.96,10.27,10.14,0.13,1.2821,55353.55,56396.982,-0.0233690360272639
339,339,000952.SZ,20181112,9.92,10.15,9.86,10.14,9.92,0.22,2.2177,34422.47,34525.31,-0.012820512820512896
340,340,000952.SZ,20181109,9.87,9.97,9.83,9.92,9.96,-0.04,-0.4016,28812.48,28564.866,0.040322580645161324
341,341,000952.SZ,20181108,10.15,10.22,9.92,9.96,10.09,-0.13,-1.2884,29452.88,29621.082000000002,0.055220883534136435
342,342,000952.SZ,20181107,10.06,10.29,10.04,10.09,10.04,0.05,0.498,53614.24,54596.509000000005,0.06045589692765108
343,343,000952.SZ,20181106,10.05,10.05,9.83,10.04,10.05,-0.01,-0.0995,33090.87,32902.956,0.05976095617529895
344,344,000952.SZ,20181105,10.0,10.15,9.93,10.05,10.06,-0.01,-0.0994,41999.0,42115.023,0.04676616915422874
345,345,000952.SZ,20181102,10.0,10.07,9.8,10.06,9.79,0.27,2.7579,56040.8,55728.317,0.00894632206759442
346,346,000952.SZ,20181101,9.76,10.02,9.75,9.79,9.74,0.05,0.5133,47614.22,47028.191,0.021450459652706932
347,347,000952.SZ,20181031,9.55,9.74,9.51,9.74,9.49,0.25,2.6344,36397.95,35103.369,0.050308008213552385
348,348,000952.SZ,20181030,9.43,9.61,9.23,9.49,9.46,0.03,0.3171,26585.16,25106.612,0.09272918861959947
349,349,000952.SZ,20181029,9.51,9.55,9.35,9.46,9.59,-0.13,-1.3556,16915.39,15939.468,0.10993657505285402
350,350,000952.SZ,20181026,9.59,9.72,9.54,9.59,9.54,0.05,0.5241,21613.99,20773.539,0.09489051094890513
351,351,000952.SZ,20181025,9.48,9.59,9.37,9.54,9.72,-0.18,-1.8519,28545.8,26941.894,0.16771488469601695
352,352,000952.SZ,20181024,9.64,9.87,9.52,9.72,9.7,0.02,0.2062,29345.78,28437.13,0.08436213991769531
353,353,000952.SZ,20181023,10.0,10.02,9.57,9.7,10.0,-0.3,-3.0,38651.91,37896.254,0.07113402061855684
354,354,000952.SZ,20181022,9.7,10.15,9.62,10.0,9.55,0.45,4.712,59799.93,59361.093,0.06899999999999995
355,355,000952.SZ,20181019,9.22,9.63,9.12,9.55,9.4,0.15,1.5957,28402.24,26782.1,0.09005235602094235
356,356,000952.SZ,20181018,9.65,9.65,9.38,9.4,9.69,-0.29,-2.9928,25090.02,23817.718999999997,0.09893617021276592
357,357,000952.SZ,20181017,9.72,9.83,9.4,9.69,9.6,0.09,0.9375,36306.79,35044.614,0.05159958720330238
358,358,000952.SZ,20181016,9.9,9.99,9.56,9.6,10.03,-0.43,-4.2871,47268.28,46260.140999999996,0.06979166666666667
359,359,000952.SZ,20181015,10.2,10.35,9.98,10.03,10.17,-0.14,-1.3766,44315.46,44992.502,0.010967098703888456
360,360,000952.SZ,20181012,10.1,10.26,9.62,10.17,10.26,-0.09,-0.8772,66797.19,66675.96,-0.024582104228121928
361,361,000952.SZ,20181011,10.6,10.79,10.09,10.26,11.16,-0.9,-8.0645,75336.58,78240.519,-0.029239766081871243
362,362,000952.SZ,20181010,11.22,11.27,11.09,11.16,11.22,-0.06,-0.5348,30010.37,33482.717000000004,-0.09587813620071688
363,363,000952.SZ,20181009,11.09,11.29,11.07,11.22,11.08,0.14,1.2635,36622.03,40914.297999999995,-0.10516934046345824
364,364,000952.SZ,20181008,11.2,11.37,11.04,11.08,11.5,-0.42,-3.6522,41571.27,46568.498,-0.09296028880866421
365,365,000952.SZ,20180928,11.36,11.56,11.36,11.5,11.39,0.11,0.9658,48848.48,55958.633,-0.12521739130434778
366,366,000952.SZ,20180927,11.49,11.67,11.38,11.39,11.66,-0.27,-2.3156,57736.54,66426.041,-0.14047410008779643
367,367,000952.SZ,20180926,11.56,11.89,11.35,11.66,11.51,0.15,1.3032,84631.55,98256.00300000001,-0.16466552315608918
368,368,000952.SZ,20180925,11.66,11.67,11.28,11.51,11.82,-0.31,-2.6227,93939.21,107395.65,-0.17549956559513463
369,369,000952.SZ,20180921,11.76,11.98,11.71,11.82,11.86,-0.04,-0.3373,98734.25,116945.93,-0.19966159052453464
370,370,000952.SZ,20180920,11.55,12.12,11.55,11.86,11.96,-0.1,-0.8361,165836.21,195813.62399999998,-0.1913996627318718
371,371,000952.SZ,20180919,11.98,12.31,11.75,11.96,11.19,0.77,6.8811,253151.65,304440.43,-0.20234113712374593
372,372,000952.SZ,20180918,10.78,11.19,10.78,11.19,10.17,1.02,10.0295,63849.57,70475.962,-0.13136729222520097
373,373,000952.SZ,20180917,10.29,10.3,10.05,10.17,10.31,-0.14,-1.3579,25535.06,25845.987,-0.04621435594886929
374,374,000952.SZ,20180914,10.43,10.45,10.3,10.31,10.43,-0.12,-1.1505,16581.0,17196.389,-0.030067895247332735
375,375,000952.SZ,20180913,10.4,10.5,10.26,10.43,10.35,0.08,0.7729,23039.29,23870.832000000002,-0.08437200383509098
376,376,000952.SZ,20180912,10.35,10.44,10.26,10.35,10.36,-0.01,-0.0965,18105.01,18730.173,-0.0917874396135265
377,377,000952.SZ,20180911,10.52,10.53,10.27,10.36,10.51,-0.15,-1.4272,27966.85,29061.064,-0.06467181467181467
378,378,000952.SZ,20180910,10.73,10.75,10.5,10.51,10.69,-0.18,-1.6838,22237.02,23494.252,-0.08658420551855377
379,379,000952.SZ,20180907,10.63,10.85,10.6,10.69,10.63,0.06,0.5644,23896.0,25671.126,-0.06173994387277831
380,380,000952.SZ,20180906,10.72,10.85,10.6,10.63,10.77,-0.14,-1.2999,23780.9,25495.424,-0.04327375352775172
381,381,000952.SZ,20180905,10.99,11.01,10.76,10.77,11.01,-0.24,-2.1798,29364.01,31915.36,-0.04735376044568243
382,382,000952.SZ,20180904,10.93,11.06,10.85,11.01,10.97,0.04,0.3646,35109.3,38519.85,0.01362397820163491
383,383,000952.SZ,20180903,10.81,10.98,10.75,10.97,10.84,0.13,1.1993,31647.33,34397.772000000004,0.022789425706472195
384,384,000952.SZ,20180831,10.93,11.08,10.78,10.84,11.07,-0.23,-2.0777,36752.89,39897.448,0.02214022140221404
385,385,000952.SZ,20180830,11.28,11.35,11.01,11.07,11.36,-0.29,-2.5528,33912.68,37815.246,0.03884372177055101
386,386,000952.SZ,20180829,11.45,11.47,11.22,11.36,11.45,-0.09,-0.7859999999999999,36316.92,41039.081,0.0026408450704226353
387,387,000952.SZ,20180828,11.51,11.58,11.34,11.45,11.44,0.01,0.0874,46732.16,53443.627,0.018340611353711865
388,388,000952.SZ,20180827,11.13,11.49,11.13,11.44,11.15,0.29,2.6009,46438.98,52843.074,0.006118881118881144
389,389,000952.SZ,20180824,11.11,11.25,11.04,11.15,11.19,-0.04,-0.3575,22293.44,24841.786,0.0600896860986547
390,390,000952.SZ,20180823,11.08,11.25,11.0,11.19,11.04,0.15,1.3587,29107.52,32437.332000000002,0.05987488829311885
391,391,000952.SZ,20180822,11.19,11.27,10.97,11.04,11.21,-0.17,-1.5165,33994.88,37794.767,0.0833333333333335
392,392,000952.SZ,20180821,11.07,11.37,10.95,11.21,11.01,0.2,1.8165,44377.27,49610.606,-0.0017841213202498972
393,393,000952.SZ,20180820,10.8,11.01,10.65,11.01,10.74,0.27,2.5140000000000002,35800.05,38857.102999999996,-0.0762942779291553
394,394,000952.SZ,20180817,11.25,11.36,10.64,10.74,11.17,-0.43,-3.8496,53323.04,58229.496,-0.040037243947858445
395,395,000952.SZ,20180816,11.03,11.34,10.9,11.17,11.19,-0.02,-0.1787,32573.38,36311.962,-0.06624888093106537
396,396,000952.SZ,20180815,11.55,11.56,11.16,11.19,11.52,-0.33,-2.8646,34735.42,39457.225,-0.07506702412868632
397,397,000952.SZ,20180814,11.51,11.62,11.43,11.52,11.66,-0.14,-1.2007,38428.53,44236.024000000005,-0.10069444444444446
398,398,000952.SZ,20180813,11.2,11.95,11.04,11.66,11.36,0.3,2.6408,75003.99,86106.665,-0.09862778730703262
399,399,000952.SZ,20180810,11.21,11.57,11.12,11.36,11.24,0.12,1.0676,49059.91,55721.890999999996,-0.05897887323943662
400,400,000952.SZ,20180809,10.96,11.32,10.91,11.24,10.96,0.28,2.5547,44085.28,49402.749,-0.05427046263345191
401,401,000952.SZ,20180808,10.98,11.29,10.81,10.96,11.04,-0.08,-0.7246,49738.97,55018.092000000004,-0.01733576642335778
402,402,000952.SZ,20180807,10.49,11.07,10.49,11.04,10.57,0.47,4.4465,63778.34,68875.458,-0.0027173913043477683
403,403,000952.SZ,20180806,11.05,11.09,10.42,10.57,11.09,-0.52,-4.6889,66068.55,71114.696,0.03784295175023655
404,404,000952.SZ,20180803,11.22,11.4,11.05,11.09,11.24,-0.15,-1.3345,46575.54,52421.526,-0.02254283137962128
405,405,000952.SZ,20180802,11.64,11.64,10.93,11.24,11.76,-0.52,-4.4218,84082.98,94635.916,-0.015124555160142342
406,406,000952.SZ,20180801,12.54,12.67,11.45,11.76,12.66,-0.9,-7.109,119351.2,141725.116,-0.0340136054421769
407,407,000952.SZ,20180731,12.55,12.74,12.51,12.66,12.6,0.06,0.4762,30131.71,38080.8,-0.0955766192733018
408,408,000952.SZ,20180730,13.19,13.19,12.5,12.6,13.15,-0.55,-4.1825,70238.74,89695.329,-0.09206349206349208
409,409,000952.SZ,20180727,13.16,13.27,12.96,13.15,13.28,-0.13,-0.9789,35080.32,46054.32,-0.1520912547528517
410,410,000952.SZ,20180726,13.42,13.66,13.26,13.28,13.4,-0.12,-0.8955,37917.7,50887.723,-0.15737951807228914
411,411,000952.SZ,20180725,13.56,13.57,13.36,13.4,13.56,-0.16,-1.1799,43876.34,58954.581,-0.17611940298507472
412,412,000952.SZ,20180724,13.03,13.57,13.01,13.56,13.12,0.44,3.3537,65372.78,87467.19099999999,-0.17330383480825956
413,413,000952.SZ,20180723,13.01,13.28,12.55,13.12,13.55,-0.43,-3.1734,81530.54,106250.776,-0.1608231707317073
414,414,000952.SZ,20180720,13.36,13.64,13.36,13.55,13.41,0.14,1.044,42854.82,57911.651,-0.20738007380073803
415,415,000952.SZ,20180719,13.86,13.89,13.29,13.41,13.85,-0.44,-3.18,57476.67,77766.629,-0.16703952274422074
416,416,000952.SZ,20180718,13.71,14.09,13.7,13.85,13.69,0.16,1.17,63893.64,88829.055,-0.192057761732852
417,417,000952.SZ,20180717,13.71,13.78,13.44,13.69,13.84,-0.15,-1.08,48307.16,65668.395,-0.1585098612125639
418,418,000952.SZ,20180716,13.81,13.94,13.64,13.84,13.92,-0.08,-0.57,51864.86,71460.569,-0.157514450867052
419,419,000952.SZ,20180713,13.8,14.15,13.5,13.92,13.77,0.15,1.09,104317.32,144040.612,-0.18390804597701152
420,420,000952.SZ,20180712,13.36,13.83,13.29,13.77,13.34,0.43,3.22,72575.38,99234.435,-0.1837327523602033
421,421,000952.SZ,20180711,13.4,13.4,13.01,13.34,13.61,-0.27,-1.98,61327.85,80863.287,-0.17841079460269857
422,422,000952.SZ,20180710,13.49,13.72,13.38,13.61,13.56,0.05,0.37,52754.57,71476.993,-0.18883174136664221
423,423,000952.SZ,20180709,12.85,13.66,12.78,13.56,12.85,0.71,5.53,77347.88,102974.354,-0.2205014749262537
424,424,000952.SZ,20180706,12.83,13.08,12.1,12.85,12.8,0.05,0.39,76331.94,96589.80900000001,-0.13696498054474707
425,425,000952.SZ,20180705,13.16,13.45,12.8,12.8,13.16,-0.36,-2.74,56921.58,74808.87,-0.12187500000000004
426,426,000952.SZ,20180704,13.62,13.87,13.13,13.16,13.93,-0.77,-5.53,66890.25,89849.859,-0.10638297872340428
427,427,000952.SZ,20180703,14.08,14.1,13.41,13.93,14.13,-0.2,-1.42,69158.49,95482.278,-0.09117013639626702
428,428,000952.SZ,20180702,14.2,14.44,13.82,14.13,14.37,-0.24,-1.67,84303.11,119676.201,-0.10828025477707014
429,429,000952.SZ,20180629,13.77,14.44,13.63,14.37,13.64,0.73,5.35,75487.26,106643.349,-0.08489909533750863
430,430,000952.SZ,20180628,14.02,14.28,13.64,13.64,14.18,-0.54,-3.81,54147.55,75631.582,-0.026392961876832932
431,431,000952.SZ,20180627,14.55,14.79,14.1,14.18,14.37,-0.19,-1.32,66459.56,95965.62800000001,-0.05500705218617767
432,432,000952.SZ,20180626,14.03,14.46,13.81,14.37,14.3,0.07,0.49,58053.69,82257.54400000001,-0.05636743215031307
433,433,000952.SZ,20180625,14.47,15.03,14.26,14.3,14.32,-0.02,-0.14,66565.96,96616.891,-0.08251748251748262
434,434,000952.SZ,20180622,13.9,14.46,13.63,14.32,13.96,0.36,2.58,83331.68,118564.371,-0.05377094972067036
435,435,000952.SZ,20180621,13.67,14.7,13.67,13.96,13.58,0.38,2.8,131231.47,186045.423,-0.03939828080229231
436,436,000952.SZ,20180620,13.05,13.7,12.97,13.58,13.19,0.39,2.96,80877.28,109018.15400000001,0.019882179675994077
437,437,000952.SZ,20180619,14.22,14.46,13.19,13.19,14.65,-1.46,-9.97,103132.94,141187.236,0.03790750568612585
438,438,000952.SZ,20180615,15.33,15.36,14.28,14.65,15.24,-0.59,-3.87,99838.59,146726.37099999998,-0.055290102389078534
439,439,000952.SZ,20180614,15.37,15.75,15.25,15.35,15.3,0.05,0.33,60615.88,93649.17300000001,-0.09315960912052115
440,440,000952.SZ,20180613,15.69,15.83,15.28,15.3,15.93,-0.63,-3.95,77289.98,120050.168,-0.10000000000000007
441,441,000952.SZ,20180612,15.42,15.95,15.21,15.93,15.41,0.52,3.37,103592.35,162778.00400000002,-0.162586315128688
442,442,000952.SZ,20180611,15.78,15.91,15.22,15.41,15.89,-0.48,-3.02,88299.74,136984.375,-0.1168072680077872
443,443,000952.SZ,20180608,16.08,16.12,15.62,15.89,16.18,-0.29,-1.79,98054.87,154873.059,-0.14663310258023915
444,444,000952.SZ,20180607,16.46,16.46,16.11,16.18,16.48,-0.3,-1.82,94917.79,154235.411,-0.2058096415327565
445,445,000952.SZ,20180606,16.3,16.6,16.05,16.48,16.41,0.07,0.43,150835.17,245526.379,-0.2233009708737864
446,446,000952.SZ,20180605,15.53,16.78,15.36,16.41,15.74,0.67,4.26,220655.35,357356.696,-0.19804996953077392
447,447,000952.SZ,20180604,15.85,16.11,15.22,15.74,15.2,0.54,3.55,197290.07,309883.22,-0.11499364675984755
448,448,000952.SZ,20180601,15.98,16.24,15.16,15.2,15.18,0.02,0.13,274948.25,432868.95,-0.07039473684210516
449,449,000952.SZ,20180531,14.12,15.18,14.12,15.18,13.8,1.38,10.0,174473.68,258551.419,-0.053359683794466435
450,450,000952.SZ,20180530,14.9,14.97,13.8,13.8,15.33,-1.53,-9.98,212806.74,304879.76,-0.011594202898550735
451,451,000952.SZ,20180529,14.25,15.68,14.25,15.33,14.25,1.08,7.58,267750.83,414331.476,-0.07501630789302025
452,452,000952.SZ,20180528,14.83,14.9,14.23,14.25,14.87,-0.62,-4.17,71773.21,104117.479,0.008421052631578892
453,453,000952.SZ,20180525,14.95,15.25,14.7,14.87,15.03,-0.16,-1.06,72240.33,108287.739,-0.038332212508406086
454,454,000952.SZ,20180524,14.92,15.09,14.5,15.03,14.88,0.15,1.01,77921.98,115588.2,-0.0472388556220891
455,455,000952.SZ,20180523,15.13,15.37,14.76,14.88,15.12,-0.24,-1.59,86794.1,130533.737,-0.061827956989247305
456,456,000952.SZ,20180522,14.88,15.38,14.8,15.12,14.8,0.32,2.16,138803.94,210483.479,-0.1018518518518518
457,457,000952.SZ,20180521,14.68,14.96,14.49,14.8,14.63,0.17,1.16,76546.05,112463.69,-0.10878378378378387
458,458,000952.SZ,20180518,14.75,14.91,14.45,14.63,14.86,-0.23,-1.55,65869.76,96514.58099999999,0.0013670539986329168
459,459,000952.SZ,20180517,14.6,15.05,14.42,14.86,14.74,0.12,0.81,86331.55,127177.51,0.03297442799461644
460,460,000952.SZ,20180516,14.23,15.3,14.13,14.74,14.42,0.32,2.22,157996.25,235322.371,0.03799185888738131
461,461,000952.SZ,20180515,14.33,14.49,14.1,14.42,14.6,-0.18,-1.23,76518.54,109387.424,0.1047156726768377
462,462,000952.SZ,20180514,14.28,14.68,14.1,14.6,14.24,0.36,2.53,89273.36,128828.92,0.055479452054794556
463,463,000952.SZ,20180511,14.72,15.23,14.22,14.24,14.72,-0.48,-3.26,120528.65,176606.28600000002,0.11587078651685395
464,464,000952.SZ,20180510,14.07,14.8,13.9,14.72,14.08,0.64,4.55,135000.48,193645.456,0.09918478260869558
465,465,000952.SZ,20180509,13.32,14.1,13.2,14.08,13.32,0.76,5.71,123586.2,169529.777,0.17045454545454547
466,466,000952.SZ,20180508,13.2,13.52,13.16,13.32,13.39,-0.07,-0.52,75621.96,100869.81199999999,0.23198198198198197
467,467,000952.SZ,20180507,13.13,13.59,13.1,13.39,13.44,-0.05,-0.37,117759.27,157569.315,0.17550410754294246
468,468,000952.SZ,20180504,13.05,13.85,12.9,13.44,13.2,0.24,1.82,156841.95,210817.203,0.13095238095238093
469,469,000952.SZ,20180503,12.8,13.62,12.7,13.2,12.98,0.22,1.69,199518.13,264400.392,0.15000000000000005
470,470,000952.SZ,20180502,11.92,12.98,11.89,12.98,11.8,1.18,10.0,137183.52,171798.051,0.06317411402157166
471,471,000952.SZ,20180427,12.28,12.28,11.65,11.8,12.11,-0.31,-2.56,130999.69,155916.626,0.2991525423728813
472,472,000952.SZ,20180426,13.38,13.38,12.1,12.11,13.44,-1.33,-9.9,139807.17,176178.953,0.17671345995045423
473,473,000952.SZ,20180425,13.85,13.85,12.95,13.44,13.99,-0.55,-3.93,74233.08,98294.479,0.1063988095238095
474,474,000952.SZ,20180424,13.97,14.14,13.87,13.99,13.88,0.11,0.79,32707.0,45630.959,0.07433881343817006
475,475,000952.SZ,20180423,13.75,14.1,13.75,13.88,14.06,-0.18,-1.28,18625.15,25892.437,0.07204610951008646
476,476,000952.SZ,20180420,14.63,14.63,13.8,14.06,14.63,-0.57,-3.9,41197.5,58208.441,0.07539118065433846
477,477,000952.SZ,20180419,14.76,14.82,14.53,14.63,14.78,-0.15,-1.01,23480.25,34530.217000000004,0.011619958988380035
478,478,000952.SZ,20180418,14.55,14.83,14.19,14.78,14.5,0.28,1.93,51639.6,75505.268,-0.01014884979702291
479,479,000952.SZ,20180417,14.86,14.93,14.16,14.5,15.0,-0.5,-3.33,56688.31,82345.853,0.024827586206896513
480,480,000952.SZ,20180416,15.08,15.27,14.71,15.0,15.3,-0.3,-1.96,74424.4,111110.88,-0.01733333333333332
481,481,000952.SZ,20180413,14.98,15.5,14.84,15.3,14.87,0.43,2.89,99702.85,151191.97199999998,-0.05751633986928109
482,482,000952.SZ,20180412,14.9,15.06,14.71,14.87,15.01,-0.14,-0.93,29951.07,44654.475999999995,-0.018157363819771323
483,483,000952.SZ,20180411,15.01,15.14,14.88,15.01,14.98,0.03,0.2,27898.19,41811.912000000004,-0.05129913391072616
484,484,000952.SZ,20180410,15.09,15.22,14.63,14.98,15.0,-0.02,-0.13,40949.65,60974.745,-0.01735647530040052
485,485,000952.SZ,20180409,14.86,15.2,14.74,15.0,14.9,0.1,0.67,34650.0,51965.747,-0.06133333333333333
486,486,000952.SZ,20180404,14.89,15.29,14.69,14.9,14.94,-0.04,-0.27,45731.86,68932.619,-0.10604026845637585
487,487,000952.SZ,20180403,14.55,14.95,14.4,14.94,14.77,0.17,1.15,49840.63,73797.466,-0.10374832663989283
488,488,000952.SZ,20180402,14.53,14.9,14.46,14.77,14.7,0.07,0.48,59061.45,87063.436,-0.09004739336492892
489,489,000952.SZ,20180330,14.2,14.75,14.12,14.7,14.17,0.53,3.74,49227.2,71526.28,-0.10204081632653061
490,490,000952.SZ,20180329,13.92,14.18,13.91,14.17,13.89,0.28,2.02,27436.88,38539.068,-0.08398023994354266
491,491,000952.SZ,20180328,13.9,14.3,13.86,13.89,14.1,-0.21,-1.49,38654.85,54400.09,-0.15046796256299494
492,492,000952.SZ,20180327,13.8,14.18,13.8,14.1,13.7,0.4,2.92,37589.12,52619.301,-0.14113475177304965
493,493,000952.SZ,20180326,13.16,13.7,12.75,13.7,13.13,0.57,4.34,26668.6,35578.028,-0.018978102189781007
494,494,000952.SZ,20180323,13.69,13.7,12.68,13.13,13.98,-0.85,-6.08,41534.02,54993.414000000004,0.06549885757806545
495,495,000952.SZ,20180322,14.05,14.26,13.83,13.98,14.09,-0.11,-0.78,23809.61,33460.337999999996,-0.0071530758226036936
496,496,000952.SZ,20180321,14.32,14.6,14.05,14.09,14.4,-0.31,-2.15,45676.65,65291.155999999995,-0.0021291696238466542
497,497,000952.SZ,20180320,14.0,14.52,14.0,14.4,14.38,0.02,0.14,39260.43,56425.77099999999,0.015972222222222252
498,498,000952.SZ,20180319,14.65,14.77,14.23,14.38,14.15,0.23,1.63,59811.07,86743.45,0.027816411682892807
499,499,000952.SZ,20180316,14.18,14.4,13.75,14.15,14.21,-0.06,-0.42,61274.67,86359.734,0.02473498233215545
500,500,000952.SZ,20180315,14.09,14.22,13.6,14.21,14.0,0.21,1.5,39793.74,55722.925,0.05559465165376489
501,501,000952.SZ,20180314,13.96,14.15,13.81,14.0,13.92,0.08,0.57,28462.74,39902.168,0.0928571428571429
502,502,000952.SZ,20180313,13.53,14.24,13.5,13.92,13.5,0.42,3.11,43026.91,59924.19,0.06824712643678156
503,503,000952.SZ,20180312,13.64,13.65,13.45,13.5,13.51,-0.01,-0.07,20984.93,28366.185,0.11185185185185184
504,504,000952.SZ,20180309,13.48,13.61,13.44,13.51,13.45,0.06,0.45,16873.31,22796.625,0.10880829015544047
505,505,000952.SZ,20180308,13.34,13.59,13.3,13.45,13.35,0.1,0.75,11584.01,15607.243999999999,0.11524163568773241
506,506,000952.SZ,20180307,13.71,13.71,13.32,13.35,13.69,-0.34,-2.48,14692.0,19826.139,0.11610486891385774
507,507,000952.SZ,20180306,13.41,13.73,13.24,13.69,13.41,0.28,2.09,19150.38,25914.262000000002,0.09130752373995618
508,508,000952.SZ,20180305,13.04,13.49,13.04,13.41,13.23,0.18,1.36,12560.82,16638.839,0.1014168530947054
509,509,000952.SZ,20180302,13.17,13.24,13.02,13.23,13.17,0.06,0.46,12628.1,16639.673,0.11111111111111102
510,510,000952.SZ,20180301,12.99,13.27,12.94,13.17,13.06,0.11,0.84,19101.24,25060.754,0.07593014426727411
511,511,000952.SZ,20180228,13.01,13.2,12.96,13.06,13.09,-0.03,-0.23,12614.71,16486.895,0.06355283307810107
512,512,000952.SZ,20180227,13.3,13.33,13.04,13.09,13.34,-0.25,-1.87,25563.26,33540.682,0.07715813598166538
513,513,000952.SZ,20180226,13.2,13.49,13.11,13.34,13.19,0.15,1.14,21818.06,29008.613999999998,0.026986506746626643
514,514,000952.SZ,20180223,13.17,13.28,12.94,13.19,13.16,0.03,0.23,15354.57,20183.401,-0.004548900682335005
515,515,000952.SZ,20180222,12.58,13.2,12.58,13.16,12.51,0.65,5.2,30986.43,40359.183,0.0623100303951368
516,516,000952.SZ,20180214,12.59,12.67,12.41,12.51,12.59,-0.08,-0.64,15086.0,18904.345,0.12629896083133493
517,517,000952.SZ,20180213,12.62,12.9,12.55,12.59,12.64,-0.05,-0.4,22305.21,28281.285,0.14376489277204135
518,518,000952.SZ,20180212,12.0,12.94,11.82,12.64,11.82,0.82,6.94,45628.71,57173.009000000005,0.13765822784810128
519,519,000952.SZ,20180209,11.85,12.67,10.85,11.82,12.05,-0.23,-1.91,64442.97,77502.47200000001,0.19712351945854484
520,520,000952.SZ,20180208,11.01,12.05,11.0,12.05,10.95,1.1,10.05,52115.47,61315.797,0.17925311203319502
521,521,000952.SZ,20180207,11.28,11.49,10.53,10.95,11.1,-0.15,-1.35,20477.7,22585.795,0.2785388127853882
522,522,000952.SZ,20180206,11.7,11.85,11.0,11.1,11.88,-0.78,-6.57,32158.0,36815.035,0.25405405405405407
523,523,000952.SZ,20180205,12.0,12.06,11.7,11.88,12.13,-0.25,-2.06,25762.94,30683.619,0.1363636363636363
524,524,000952.SZ,20180202,12.35,12.54,11.82,12.13,12.39,-0.26,-2.1,42589.31,51036.203,0.11376751854905184
525,525,000952.SZ,20180201,13.5,13.58,12.36,12.39,13.5,-1.11,-8.22,43228.62,55374.96599999999,0.08555286521388206
526,526,000952.SZ,20180131,13.7,13.74,13.26,13.5,13.82,-0.32,-2.32,21861.26,29448.365,-0.011111111111111138
527,527,000952.SZ,20180130,14.06,14.06,13.75,13.82,14.06,-0.24,-1.71,16699.86,23072.822,-0.00940665701881337
528,528,000952.SZ,20180129,14.06,14.12,13.82,14.06,14.06,0.0,0.0,22655.52,31666.41,-0.0462304409672831
529,529,000952.SZ,20180126,14.33,14.33,14.03,14.06,14.19,-0.13,-0.92,16432.7,23205.717999999997,-0.05903271692745377
530,530,000952.SZ,20180125,14.01,14.43,14.0,14.19,14.08,0.11,0.78,25149.0,35824.371,-0.07188160676532766
531,531,000952.SZ,20180124,14.14,14.18,13.87,14.08,14.2,-0.12,-0.85,20736.0,29060.22,-0.07244318181818178
532,532,000952.SZ,20180123,14.16,14.27,14.02,14.2,14.15,0.05,0.35,15514.91,21879.912,-0.07816901408450701
533,533,000952.SZ,20180122,13.94,14.33,13.93,14.15,14.01,0.14,1.0,20838.0,29535.345,-0.057243816254417
534,534,000952.SZ,20180119,14.47,14.47,13.87,14.01,14.49,-0.48,-3.31,34433.0,48581.176,-0.0585296216987866
535,535,000952.SZ,20180118,14.5,14.63,14.38,14.49,14.49,0.0,0.0,11944.2,17316.429,-0.09178743961352658
536,536,000952.SZ,20180117,14.66,14.74,14.4,14.49,14.66,-0.17,-1.16,21727.76,31496.988999999998,-0.1366459627329193
537,537,000952.SZ,20180116,14.66,14.92,14.6,14.66,14.66,0.0,0.0,20014.15,29521.157000000003,-0.1412005457025921
538,538,000952.SZ,20180115,15.12,15.15,14.66,14.66,15.12,-0.46,-3.04,35149.75,52217.611,-0.13778990450204637
539,539,000952.SZ,20180112,14.83,15.15,14.78,15.12,14.73,0.39,2.65,46222.64,69561.08,-0.2182539682539682
540,540,000952.SZ,20180111,14.81,14.94,14.65,14.73,14.81,-0.08,-0.54,20052.03,29539.35,-0.1819416157501697
541,541,000952.SZ,20180110,15.04,15.04,14.78,14.81,15.07,-0.26,-1.73,32351.02,48060.97900000001,-0.26063470627954094
542,542,000952.SZ,20180109,14.92,15.18,14.78,15.07,15.01,0.06,0.4,43221.23,64884.737,-0.263437292634373
543,543,000952.SZ,20180108,14.98,15.1,14.77,15.01,14.98,0.03,0.2,39532.96,59108.526,-0.20852764823451025
544,544,000952.SZ,20180105,14.65,15.09,14.65,14.98,14.67,0.31,2.11,40374.65,60337.28400000001,-0.19025367156208275
545,545,000952.SZ,20180104,14.6,14.89,14.52,14.67,14.66,0.01,0.07,25449.12,37495.686,-0.15541922290388543
546,546,000952.SZ,20180103,14.83,14.87,14.65,14.66,14.77,-0.11,-0.74,21557.0,31736.182,-0.0791268758526603
547,547,000952.SZ,20180102,14.35,14.79,14.13,14.77,14.35,0.42,2.93,35623.51,51763.350999999995,-0.06431956668923489
