,Unnamed: 0,ts_code,trade_date,open,high,low,close,pre_close,change,pct_chg,vol,amount,yield
0,0,002707.SZ,20200403,4.6,4.72,4.52,4.54,4.62,-0.08,-1.7316,162280.2,74805.967,
1,1,002707.SZ,20200402,4.5,4.62,4.47,4.62,4.52,0.1,2.2124,130934.36,59653.137,
2,2,002707.SZ,20200401,4.58,4.63,4.5,4.52,4.56,-0.04,-0.8772,101383.95,46245.636,
3,3,002707.SZ,20200331,4.73,4.75,4.51,4.56,4.67,-0.11,-2.3555,111507.45,51599.232,
4,4,002707.SZ,20200330,4.92,4.93,4.57,4.67,5.05,-0.38,-7.5248,182366.03,85708.431,
5,5,002707.SZ,20200327,5.28,5.28,5.04,5.05,5.22,-0.17,-3.2567,115529.74,59597.648,
6,6,002707.SZ,20200326,5.31,5.4,5.18,5.22,5.37,-0.15,-2.7933,107056.0,56625.078,
7,7,002707.SZ,20200325,5.38,5.43,5.31,5.37,5.3,0.07,1.3208,140715.57,75598.128,
8,8,002707.SZ,20200324,5.3,5.36,5.12,5.3,5.26,0.04,0.7605,142135.92,74909.88,
9,9,002707.SZ,20200323,5.43,5.51,5.2,5.26,5.65,-0.39,-6.9027,172258.87,92406.069,
10,10,002707.SZ,20200320,5.37,5.77,5.3,5.65,5.35,0.3,5.6075,184568.37,101157.073,
11,11,002707.SZ,20200319,5.24,5.4,5.21,5.35,5.25,0.1,1.9048,160007.03,85053.89300000001,
12,12,002707.SZ,20200318,5.32,5.5,5.22,5.25,5.31,-0.06,-1.1299,161414.1,86489.883,
13,13,002707.SZ,20200317,5.45,5.67,5.21,5.31,5.59,-0.28,-5.0089,201583.64,108164.51800000001,
14,14,002707.SZ,20200316,6.15,6.18,5.59,5.59,6.21,-0.62,-9.9839,279194.77,165712.848,
15,15,002707.SZ,20200313,5.9,6.33,5.88,6.21,6.27,-0.06,-0.9569,279335.18,171987.384,
16,16,002707.SZ,20200312,6.29,6.46,6.04,6.27,6.2,0.07,1.129,272144.48,169747.789,
17,17,002707.SZ,20200311,6.32,6.45,6.17,6.2,6.28,-0.08,-1.2739,300883.71,189603.792,
18,18,002707.SZ,20200310,5.69,6.29,5.66,6.28,5.83,0.45,7.7187,309530.83,187707.73,
19,19,002707.SZ,20200309,5.98,5.99,5.77,5.83,6.13,-0.3,-4.894,196978.54,115637.734,
20,20,002707.SZ,20200306,6.07,6.37,5.97,6.13,6.08,0.05,0.8224,241165.0,147535.06900000002,-0.2593800978792822
21,21,002707.SZ,20200305,5.94,6.08,5.87,6.08,5.93,0.15,2.5295,223436.36,133961.783,-0.24013157894736842
22,22,002707.SZ,20200304,5.8,5.94,5.77,5.93,5.86,0.07,1.1945,150786.76,88209.353,-0.23777403035413158
23,23,002707.SZ,20200303,5.8,5.93,5.71,5.86,5.75,0.11,1.913,196527.29,114323.005,-0.2218430034129694
24,24,002707.SZ,20200302,5.65,5.8,5.61,5.75,5.6,0.15,2.6786,144411.02,82368.452,-0.18782608695652175
25,25,002707.SZ,20200228,5.56,5.74,5.54,5.6,5.82,-0.22,-3.7801,163853.68,92482.725,-0.09821428571428568
26,26,002707.SZ,20200227,5.72,6.01,5.68,5.82,5.73,0.09,1.5707,233792.67,137591.49,-0.10309278350515473
27,27,002707.SZ,20200226,5.69,5.86,5.6,5.73,5.73,0.0,0.0,224762.05,128990.629,-0.0628272251308901
28,28,002707.SZ,20200225,5.48,5.8,5.46,5.73,5.83,-0.1,-1.7153,277475.99,154545.44400000002,-0.07504363001745211
29,29,002707.SZ,20200224,6.0,6.0,5.74,5.83,6.1,-0.27,-4.4262,255250.0,149323.053,-0.09777015437392801
30,30,002707.SZ,20200221,6.0,6.1,5.82,6.1,6.12,-0.02,-0.3268,285579.58,169642.68899999998,-0.07377049180327858
31,31,002707.SZ,20200220,5.93,6.22,5.81,6.12,5.82,0.3,5.1546,391141.66,235602.276,-0.12581699346405237
32,32,002707.SZ,20200219,5.57,5.92,5.53,5.82,5.58,0.24,4.3011,280034.46,160246.992,-0.09793814432989695
33,33,002707.SZ,20200218,5.48,5.71,5.41,5.58,5.4,0.18,3.3333,232139.05,128276.617,-0.04838709677419363
34,34,002707.SZ,20200217,5.24,5.4,5.22,5.4,5.25,0.15,2.8571,142589.4,76091.212,0.03518518518518509
35,35,002707.SZ,20200214,5.28,5.29,5.18,5.25,5.28,-0.03,-0.5682,128494.4,67448.489,0.18285714285714286
36,36,002707.SZ,20200213,5.31,5.39,5.22,5.28,5.35,-0.07,-1.3084,229753.72,121517.77,0.18749999999999986
37,37,002707.SZ,20200212,5.3,5.48,5.24,5.35,5.33,0.02,0.3752,225111.81,120871.44699999999,0.1588785046728973
38,38,002707.SZ,20200211,5.31,5.45,5.23,5.33,5.3,0.03,0.5660000000000001,221147.23,118379.416,0.1782363977485929
39,39,002707.SZ,20200210,5.2,5.51,5.16,5.3,5.31,-0.01,-0.1883,223412.53,118632.05900000001,0.10000000000000005
40,40,002707.SZ,20200207,5.18,5.4,5.12,5.31,5.31,0.0,0.0,240480.48,126811.875,0.15442561205273075
41,41,002707.SZ,20200206,4.99,5.34,4.83,5.31,4.97,0.34,6.841,361348.64,182165.173,0.14500941619585697
42,42,002707.SZ,20200205,4.63,4.97,4.62,4.97,4.52,0.45,9.9558,411149.55,198772.688,0.19315895372233402
43,43,002707.SZ,20200204,4.46,4.63,4.46,4.52,4.95,-0.43,-8.6869,384272.39,172195.53699999998,0.2964601769911506
44,44,002707.SZ,20200203,4.95,4.95,4.95,4.95,5.5,-0.55,-10.0,13965.0,6912.675,0.16161616161616157
45,45,002707.SZ,20200123,5.79,5.84,5.36,5.5,5.95,-0.45,-7.563,287401.06,160369.717,0.01818181818181812
46,46,002707.SZ,20200122,5.86,6.09,5.78,5.95,6.05,-0.1,-1.6529,160493.41,95252.145,-0.0218487394957983
47,47,002707.SZ,20200121,6.12,6.19,6.03,6.05,6.28,-0.23,-3.6624,201502.42,122880.132,-0.052892561983470976
48,48,002707.SZ,20200120,6.43,6.44,6.02,6.28,6.5,-0.22,-3.3846,243696.69,151784.469,-0.08757961783439487
49,49,002707.SZ,20200117,6.69,6.69,6.45,6.5,6.71,-0.21,-3.1297,164204.0,107709.375,-0.10307692307692307
50,50,002707.SZ,20200116,6.67,6.81,6.64,6.71,6.67,0.04,0.5997,184349.95,124052.836,-0.09090909090909095
51,51,002707.SZ,20200115,6.64,6.75,6.56,6.67,6.63,0.04,0.6033,149983.03,99410.796,-0.08245877061469263
52,52,002707.SZ,20200114,6.74,6.8,6.6,6.63,6.82,-0.19,-2.7859,221030.0,147950.19199999998,-0.1221719457013574
53,53,002707.SZ,20200113,6.55,6.85,6.51,6.82,6.51,0.31,4.7619,318039.31,213619.36800000002,-0.18181818181818185
54,54,002707.SZ,20200110,6.4,6.7,6.32,6.51,6.41,0.1,1.5601,206076.0,134220.47400000002,-0.17050691244239624
55,55,002707.SZ,20200109,6.44,6.55,6.36,6.41,6.34,0.07,1.1041,155524.7,100080.365,-0.1809672386895476
56,56,002707.SZ,20200108,6.51,6.67,6.28,6.34,6.61,-0.27,-4.0847,236872.89,153978.298,-0.16719242902208195
57,57,002707.SZ,20200107,6.41,6.77,6.35,6.61,6.4,0.21,3.2813,310094.97,203634.525,-0.19062027231467482
58,58,002707.SZ,20200106,6.35,6.46,6.32,6.4,6.48,-0.08,-1.2346,209006.27,133416.329,-0.16718750000000004
59,59,002707.SZ,20200103,6.3,6.51,6.17,6.48,6.33,0.15,2.3697,316740.03,200810.68300000002,-0.18209876543209885
60,60,002707.SZ,20200102,6.32,6.39,6.22,6.33,6.24,0.09,1.4423,208824.77,131398.78,-0.16113744075829392
61,61,002707.SZ,20191231,6.22,6.33,6.19,6.24,6.28,-0.04,-0.6369,143309.02,89249.619,-0.14903846153846162
62,62,002707.SZ,20191230,6.32,6.32,6.17,6.28,6.39,-0.11,-1.7214,181564.0,113385.33300000001,-0.20859872611464975
63,63,002707.SZ,20191227,6.43,6.48,6.32,6.39,6.44,-0.05,-0.7764,247752.54,158021.585,-0.29264475743348983
64,64,002707.SZ,20191226,6.4,6.59,6.32,6.44,6.49,-0.05,-0.7704,280767.27,180452.293,-0.2313664596273292
65,65,002707.SZ,20191225,6.16,6.5,6.13,6.49,6.21,0.28,4.5089,392162.58,246729.609,-0.15254237288135597
66,66,002707.SZ,20191224,6.0,6.35,5.96,6.21,6.04,0.17,2.8146,322290.24,198718.128,-0.041867954911433136
67,67,002707.SZ,20191223,5.97,6.22,5.92,6.04,6.0,0.04,0.6667,327896.25,198671.915,0.0016556291390728123
68,68,002707.SZ,20191220,6.2,6.37,5.95,6.0,6.16,-0.16,-2.5974,551048.06,337229.87700000004,0.04666666666666671
69,69,002707.SZ,20191219,5.58,6.16,5.58,6.16,5.6,0.56,10.0,444081.24,262075.86,0.05519480519480517
70,70,002707.SZ,20191218,5.69,5.7,5.57,5.6,5.69,-0.09,-1.5817,193435.44,109005.061,0.1982142857142858
71,71,002707.SZ,20191217,5.69,5.75,5.6,5.69,5.72,-0.03,-0.5245,225251.03,127813.009,0.17223198594024594
72,72,002707.SZ,20191216,5.6,5.77,5.57,5.72,5.63,0.09,1.5986,224021.84,127142.47300000001,0.15909090909090912
73,73,002707.SZ,20191213,5.69,5.75,5.54,5.63,5.64,-0.01,-0.1773,236083.36,132851.74,0.21136767317939617
74,74,002707.SZ,20191212,5.59,5.86,5.44,5.64,5.54,0.1,1.8051,303919.98,171844.11800000002,0.1542553191489362
75,75,002707.SZ,20191211,5.58,5.65,5.5,5.54,5.62,-0.08,-1.4235,149581.57,83173.868,0.15703971119133575
76,76,002707.SZ,20191210,5.53,5.67,5.51,5.62,5.53,0.09,1.6275,176170.21,98710.85699999999,0.12811387900355867
77,77,002707.SZ,20191209,5.53,5.64,5.43,5.53,5.45,0.08,1.4679,160376.71,88565.65800000001,0.19529837251356238
78,78,002707.SZ,20191206,5.25,5.48,5.22,5.45,5.25,0.2,3.8095,190493.64,102628.094,0.17431192660550462
79,79,002707.SZ,20191205,5.14,5.28,5.13,5.25,5.12,0.13,2.5391,101605.44,52903.901,0.23428571428571437
80,80,002707.SZ,20191204,5.15,5.17,5.09,5.12,5.2,-0.08,-1.5385,79917.66,40993.047,0.236328125
81,81,002707.SZ,20191203,5.17,5.21,5.12,5.2,5.2,0.0,0.0,70951.0,36661.241,0.2
82,82,002707.SZ,20191202,5.2,5.25,5.13,5.2,5.13,0.07,1.3645,85182.61,44332.378,0.2076923076923077
83,83,002707.SZ,20191129,5.16,5.19,5.06,5.13,5.16,-0.03,-0.5814,82335.72,42185.623,0.24561403508771926
84,84,002707.SZ,20191128,5.15,5.31,5.09,5.16,5.17,-0.01,-0.1934,96490.36,50127.253,0.24806201550387602
85,85,002707.SZ,20191127,5.19,5.26,5.11,5.17,5.22,-0.05,-0.9579,68688.2,35535.642,0.25531914893617025
86,86,002707.SZ,20191126,5.29,5.33,5.17,5.22,5.32,-0.1,-1.8797,92633.28,48484.75,0.18965517241379315
87,87,002707.SZ,20191125,5.26,5.41,5.21,5.32,5.24,0.08,1.5267,92231.85,48940.029,0.1353383458646616
88,88,002707.SZ,20191122,5.53,5.54,5.23,5.24,5.44,-0.2,-3.6765,152794.95,82077.43,0.14503816793893126
89,89,002707.SZ,20191121,5.35,5.53,5.35,5.44,5.41,0.03,0.5545,108704.19,59132.13,0.13235294117647053
90,90,002707.SZ,20191120,5.4,5.52,5.29,5.41,5.35,0.06,1.1215,201174.99,109221.715,0.03512014787430675
91,91,002707.SZ,20191119,5.1,5.42,5.1,5.35,5.15,0.2,3.8835,170805.44,90292.076,0.06355140186915902
92,92,002707.SZ,20191118,5.16,5.21,5.07,5.15,5.18,-0.03,-0.5792,109164.74,56150.593,0.11067961165048532
93,93,002707.SZ,20191115,5.56,5.6,5.11,5.18,5.64,-0.46,-8.156,263975.51,141315.136,0.08687258687258691
94,94,002707.SZ,20191114,5.7,5.78,5.57,5.64,5.71,-0.07,-1.2259,191044.47,108042.80300000001,0.0
95,95,002707.SZ,20191113,5.71,5.77,5.56,5.71,5.82,-0.11,-1.89,233336.9,132055.49599999998,-0.029772329246935188
96,96,002707.SZ,20191112,5.58,5.86,5.43,5.82,5.64,0.18,3.1915,332327.11,189195.538,-0.03436426116838491
97,97,002707.SZ,20191111,5.69,5.75,5.47,5.64,5.85,-0.21,-3.5897,283018.98,158231.756,-0.01950354609929068
98,98,002707.SZ,20191108,5.55,5.96,5.48,5.85,5.59,0.26,4.6512,483562.09,279378.27,-0.06837606837606829
99,99,002707.SZ,20191107,5.51,5.6,5.41,5.59,5.71,-0.12,-2.1016,314955.86,173300.25,-0.06082289803220033
100,100,002707.SZ,20191106,5.63,5.99,5.61,5.71,5.48,0.23,4.1971,569958.72,328163.498,-0.10332749562171627
101,101,002707.SZ,20191105,5.02,5.48,5.02,5.48,4.98,0.5,10.0402,106569.07,58060.059,-0.05109489051094895
102,102,002707.SZ,20191104,5.06,5.09,4.96,4.98,5.07,-0.09,-1.7751,69457.13,34885.907999999996,0.04417670682730918
103,103,002707.SZ,20191101,4.95,5.07,4.86,5.07,4.97,0.1,2.0121,91200.93,45385.502,0.01183431952662714
104,104,002707.SZ,20191031,5.18,5.18,4.93,4.97,5.16,-0.19,-3.6822,97949.86,49123.12,0.038229376257545356
105,105,002707.SZ,20191030,5.38,5.43,5.02,5.16,5.46,-0.3,-5.4945,155856.05,81185.15,0.0019379844961239896
106,106,002707.SZ,20191029,5.33,5.55,5.33,5.46,5.37,0.09,1.676,112974.46,61681.143,-0.043956043956043994
107,107,002707.SZ,20191028,5.13,5.39,5.01,5.37,5.16,0.21,4.0698,120278.39,63743.055,-0.009310986964618215
108,108,002707.SZ,20191025,5.07,5.2,5.07,5.16,5.1,0.06,1.1765,37221.12,19170.843,0.015503875968992262
109,109,002707.SZ,20191024,5.13,5.14,5.01,5.1,5.13,-0.03,-0.5848,31243.0,15893.618999999999,0.06666666666666682
110,110,002707.SZ,20191023,5.13,5.17,5.09,5.13,5.12,0.01,0.1953,33116.02,16992.568,0.0545808966861599
111,111,002707.SZ,20191022,5.03,5.13,5.03,5.12,5.06,0.06,1.1858,25440.0,12939.833,0.04492187499999991
112,112,002707.SZ,20191021,5.02,5.07,4.99,5.06,5.02,0.04,0.7968,26073.72,13112.806,0.01778656126482228
113,113,002707.SZ,20191018,5.09,5.1,5.0,5.02,5.07,-0.05,-0.9862,32977.81,16664.601000000002,0.0318725099601594
114,114,002707.SZ,20191017,5.12,5.14,5.01,5.07,5.14,-0.07,-1.3619,40282.15,20453.52,0.11242603550295846
115,115,002707.SZ,20191016,5.16,5.22,5.13,5.14,5.14,0.0,0.0,27168.93,14044.739,0.11089494163424131
116,116,002707.SZ,20191015,5.24,5.24,5.12,5.14,5.23,-0.09,-1.7208,29817.0,15414.92,0.1322957198443581
117,117,002707.SZ,20191014,5.2,5.25,5.16,5.23,5.14,0.09,1.751,45473.74,23723.757999999998,0.07839388145315472
118,118,002707.SZ,20191011,5.18,5.18,5.07,5.14,5.14,0.0,0.0,34275.37,17568.781000000003,0.13813229571984437
119,119,002707.SZ,20191010,5.11,5.16,5.08,5.14,5.11,0.03,0.5871,39633.9,20323.416,0.08754863813229576
120,120,002707.SZ,20191009,5.14,5.14,5.03,5.11,5.12,-0.01,-0.1953,38348.99,19495.492,0.11741682974559679
121,121,002707.SZ,20191008,5.33,5.33,5.07,5.12,5.33,-0.21,-3.94,66747.37,34540.419,0.07031250000000006
122,122,002707.SZ,20190930,5.33,5.38,5.29,5.33,5.37,-0.04,-0.7449,34893.97,18626.808,-0.06566604127579731
123,123,002707.SZ,20190927,5.33,5.39,5.25,5.37,5.32,0.05,0.9398,43365.2,23211.232999999997,-0.055865921787709466
124,124,002707.SZ,20190926,5.37,5.47,5.22,5.32,5.36,-0.04,-0.7463,86296.55,46213.575,-0.06578947368421062
125,125,002707.SZ,20190925,5.53,5.53,5.36,5.36,5.56,-0.2,-3.5971,104281.26,56690.247,-0.03731343283582093
126,126,002707.SZ,20190924,5.59,5.63,5.45,5.56,5.59,-0.03,-0.5367,144662.61,79918.338,-0.017985611510791304
127,127,002707.SZ,20190923,5.69,5.74,5.55,5.59,5.88,-0.29,-4.9319999999999995,196086.8,110057.97300000001,-0.0393559928443649
128,128,002707.SZ,20190920,5.85,5.95,5.79,5.88,6.06,-0.18,-2.9703,263845.86,154868.405,-0.12244897959183669
129,129,002707.SZ,20190919,5.61,6.15,5.6,6.06,5.59,0.47,8.4079,409778.66,246220.14,-0.15841584158415842
130,130,002707.SZ,20190918,5.57,5.64,5.52,5.59,5.51,0.08,1.4519,66153.0,36938.026,-0.08228980322003578
131,131,002707.SZ,20190917,5.66,5.69,5.45,5.51,5.68,-0.17,-2.9930000000000003,69213.75,38438.847,-0.07078039927404713
132,132,002707.SZ,20190916,5.72,5.76,5.64,5.68,5.69,-0.01,-0.1757,72750.33,41501.169,-0.10915492957746481
133,133,002707.SZ,20190912,5.76,5.76,5.6,5.69,5.7,-0.01,-0.1754,80917.19,45960.512,-0.11775043936731121
134,134,002707.SZ,20190911,5.7,5.88,5.66,5.7,5.7,0.0,0.0,121364.74,69958.77,-0.11052631578947367
135,135,002707.SZ,20190910,5.65,5.74,5.62,5.7,5.63,0.07,1.2433,101800.42,57814.333,-0.0982456140350878
136,136,002707.SZ,20190909,5.59,5.63,5.53,5.63,5.54,0.09,1.6245,65738.0,36655.032999999996,-0.08703374777975137
137,137,002707.SZ,20190906,5.56,5.57,5.46,5.54,5.52,0.02,0.3623,53678.0,29617.678,-0.05595667870036094
138,138,002707.SZ,20190905,5.51,5.59,5.49,5.52,5.5,0.02,0.3636,109888.57,60901.605,-0.06884057971014491
139,139,002707.SZ,20190904,5.37,5.5,5.34,5.5,5.37,0.13,2.4209,85744.56,46523.902,-0.06545454545454552
140,140,002707.SZ,20190903,5.41,5.44,5.33,5.37,5.41,-0.04,-0.7394,75669.53,40630.232,-0.04841713221601486
141,141,002707.SZ,20190902,5.26,5.43,5.2,5.41,5.29,0.12,2.2684,73428.09,39270.671,-0.05360443622920518
142,142,002707.SZ,20190830,5.53,5.53,5.23,5.29,5.38,-0.09,-1.6729,76921.24,41318.337999999996,0.00756143667296787
143,143,002707.SZ,20190829,5.47,5.68,5.37,5.38,5.36,0.02,0.3731,127418.69,70023.432,-0.0018587360594795144
144,144,002707.SZ,20190828,5.42,5.46,5.34,5.36,5.39,-0.03,-0.5566,49459.11,26596.86,-0.007462686567164185
145,145,002707.SZ,20190827,5.31,5.44,5.29,5.39,5.24,0.15,2.8626,76854.07,41309.604,-0.0055658627087197335
146,146,002707.SZ,20190826,5.12,5.29,5.12,5.24,5.32,-0.08,-1.5038,65937.38,34342.98,0.061068702290076216
147,147,002707.SZ,20190823,5.3,5.48,5.26,5.32,5.31,0.01,0.1883,101175.43,54345.405999999995,0.050751879699248034
148,148,002707.SZ,20190822,5.21,5.32,5.17,5.31,5.16,0.15,2.907,66193.05,34771.634,0.10734463276836165
149,149,002707.SZ,20190821,5.15,5.26,5.13,5.16,5.11,0.05,0.9785,57407.34,29780.841,0.17441860465116268
150,150,002707.SZ,20190820,5.14,5.2,5.1,5.11,5.14,-0.03,-0.5837,50812.27,26169.356,0.09393346379647739
151,151,002707.SZ,20190819,5.02,5.15,5.01,5.14,5.01,0.13,2.5948,62111.53,31542.237999999998,0.07198443579766539
152,152,002707.SZ,20190816,4.9,5.14,4.88,5.01,4.92,0.09,1.8293,74830.47,37357.244,0.1337325349301397
153,153,002707.SZ,20190815,4.79,4.95,4.71,4.92,4.93,-0.01,-0.2028,45695.86,22112.394,0.1565040650406505
154,154,002707.SZ,20190814,5.04,5.07,4.92,4.93,5.0,-0.07,-1.4,55272.06,27506.569,0.156186612576065
155,155,002707.SZ,20190813,5.01,5.01,4.87,5.0,5.04,-0.04,-0.7937,55009.82,27038.602000000003,0.14000000000000004
156,156,002707.SZ,20190812,4.96,5.04,4.91,5.04,5.02,0.02,0.3984,47219.62,23482.417999999998,0.11706349206349204
157,157,002707.SZ,20190809,5.07,5.12,4.99,5.02,5.05,-0.03,-0.5941,39457.33,19895.58,0.10358565737051803
158,158,002707.SZ,20190808,5.1,5.11,5.01,5.05,5.06,-0.01,-0.1976,52905.76,26738.796000000002,0.09306930693069303
159,159,002707.SZ,20190807,5.22,5.25,5.06,5.06,5.23,-0.17,-3.2505,85854.1,43886.465,0.08695652173913052
160,160,002707.SZ,20190806,5.5,5.51,5.13,5.23,5.55,-0.32,-5.7658,89209.31,46919.597,0.026768642447418674
161,161,002707.SZ,20190805,5.59,5.66,5.53,5.55,5.59,-0.04,-0.7156,30601.27,17155.292,-0.02522522522522517
162,162,002707.SZ,20190802,5.49,5.64,5.48,5.59,5.68,-0.09,-1.5845,40195.0,22411.283,-0.05366726296958852
163,163,002707.SZ,20190801,5.84,5.84,5.63,5.68,5.79,-0.11,-1.8998,45737.61,26139.362,-0.052816901408450675
164,164,002707.SZ,20190731,5.75,5.81,5.71,5.79,5.75,0.04,0.6957,31129.06,17965.84,-0.07426597582037991
165,165,002707.SZ,20190730,5.72,5.92,5.72,5.75,5.75,0.0,0.0,53657.98,31192.394,-0.06260869565217397
166,166,002707.SZ,20190729,5.84,5.84,5.72,5.75,5.81,-0.06,-1.0327,34744.81,20008.582,-0.08869565217391301
167,167,002707.SZ,20190726,5.75,5.85,5.71,5.81,5.71,0.1,1.7513,37082.51,21459.949,-0.08433734939759024
168,168,002707.SZ,20190725,5.73,5.8,5.7,5.71,5.74,-0.03,-0.5226,31686.66,18193.868000000002,-0.07005253940455347
169,169,002707.SZ,20190724,5.68,5.78,5.64,5.74,5.6,0.14,2.5,38111.87,21860.826,-0.10104529616724739
170,170,002707.SZ,20190723,5.58,5.63,5.51,5.6,5.53,0.07,1.2658,32463.04,18150.275,-0.08749999999999988
171,171,002707.SZ,20190722,5.73,5.73,5.48,5.53,5.72,-0.19,-3.3217,50137.0,27911.171000000002,-0.0705244122965643
172,172,002707.SZ,20190719,5.71,5.79,5.71,5.72,5.7,0.02,0.3509,30221.5,17379.742,-0.12412587412587413
173,173,002707.SZ,20190718,5.8,5.81,5.68,5.7,5.82,-0.12,-2.0619,34892.5,19984.496,-0.13684210526315793
174,174,002707.SZ,20190717,5.88,5.88,5.8,5.82,5.86,-0.04,-0.6826,36397.69,21239.722,-0.1529209621993128
175,175,002707.SZ,20190716,5.89,5.9,5.83,5.86,5.91,-0.05,-0.846,30295.15,17751.048,-0.14675767918088742
176,176,002707.SZ,20190715,5.83,5.91,5.76,5.91,5.85,0.06,1.0256,52814.44,30825.87,-0.1472081218274112
177,177,002707.SZ,20190712,5.81,5.88,5.81,5.85,5.83,0.02,0.3431,20347.39,11913.408000000001,-0.1418803418803419
178,178,002707.SZ,20190711,5.87,5.94,5.81,5.83,5.83,0.0,0.0,28948.22,17005.539,-0.1337907375643225
179,179,002707.SZ,20190710,5.91,5.93,5.82,5.85,5.9,-0.05,-0.8475,28753.63,16895.484,-0.13504273504273506
180,180,002707.SZ,20190709,5.92,5.92,5.8,5.9,5.87,0.03,0.5111,31018.12,18242.045,-0.11355932203389829
181,181,002707.SZ,20190708,6.13,6.14,5.86,5.87,6.15,-0.28,-4.5528,56215.07,33516.141,-0.05451448040885865
182,182,002707.SZ,20190705,6.19,6.19,6.08,6.15,6.17,-0.02,-0.3241,34846.21,21352.596,-0.09105691056910577
183,183,002707.SZ,20190704,6.22,6.29,6.14,6.17,6.22,-0.05,-0.8039,36633.0,22727.772999999997,-0.07941653160453813
184,184,002707.SZ,20190703,6.39,6.39,6.19,6.22,6.34,-0.12,-1.8927,39879.0,24910.965,-0.06913183279742761
185,185,002707.SZ,20190702,6.29,6.36,6.27,6.34,6.34,0.0,0.0,54331.04,34347.068999999996,-0.09305993690851733
186,186,002707.SZ,20190701,6.18,6.36,6.15,6.34,6.07,0.27,4.4481,95814.04,60149.749,-0.09305993690851733
187,187,002707.SZ,20190628,6.14,6.15,6.01,6.07,6.14,-0.07,-1.1401,31783.93,19299.693,-0.042833607907743106
188,188,002707.SZ,20190627,6.19,6.22,6.12,6.14,6.14,0.0,0.0,40563.84,25002.885,-0.07003257328990224
189,189,002707.SZ,20190626,6.09,6.17,6.05,6.14,6.12,0.02,0.3268,31838.31,19524.998,-0.06514657980456018
190,190,002707.SZ,20190625,6.17,6.19,6.03,6.12,6.17,-0.05,-0.8104,43112.84,26298.617000000002,-0.08496732026143798
191,191,002707.SZ,20190624,6.26,6.3,6.12,6.17,6.24,-0.07,-1.1218,43627.04,26948.683999999997,-0.1037277147487844
192,192,002707.SZ,20190621,6.21,6.35,6.17,6.24,6.16,0.08,1.2987,89068.64,55708.585,-0.0833333333333334
193,193,002707.SZ,20190620,6.07,6.22,6.05,6.16,6.07,0.09,1.4827,83583.27,51470.084,-0.07467532467532467
194,194,002707.SZ,20190619,6.05,6.15,6.03,6.07,5.93,0.14,2.3609,67736.52,41227.292,-0.04118616144975288
195,195,002707.SZ,20190618,6.03,6.03,5.88,5.93,5.96,-0.03,-0.5034,31601.37,18762.017,-0.011804384485666003
196,196,002707.SZ,20190617,5.78,5.98,5.78,5.96,5.86,0.1,1.7065,41771.11,24700.635,-0.008389261744966413
197,197,002707.SZ,20190614,5.98,6.1,5.82,5.86,5.98,-0.12,-2.0067,60922.3,36268.233,-0.0017064846416383404
198,198,002707.SZ,20190613,5.96,6.03,5.92,5.98,5.96,0.02,0.3356,32389.0,19366.357,-0.025083612040133835
199,199,002707.SZ,20190612,6.02,6.09,5.94,5.96,6.01,-0.05,-0.8319,45306.0,27264.737,-0.018456375838926228
200,200,002707.SZ,20190611,5.83,6.04,5.74,6.01,5.78,0.23,3.9792,71142.0,42388.452000000005,-0.018302828618968293
201,201,002707.SZ,20190610,5.68,5.86,5.62,5.78,5.68,0.1,1.7606,47304.75,27318.923,0.015570934256055338
202,202,002707.SZ,20190606,5.8,5.8,5.64,5.68,5.79,-0.11,-1.8998,43326.0,24694.301,0.08274647887323955
203,203,002707.SZ,20190605,5.78,5.82,5.68,5.79,5.7,0.09,1.5789,62273.51,35832.825,0.06563039723661483
204,204,002707.SZ,20190604,5.81,5.86,5.62,5.7,5.86,-0.16,-2.7304,57481.43,32985.347,0.09122807017543852
205,205,002707.SZ,20190603,5.94,6.01,5.8,5.86,5.93,-0.07,-1.1804,44047.2,25894.892999999996,0.08191126279863473
206,206,002707.SZ,20190531,5.98,6.05,5.93,5.93,6.0,-0.07,-1.1667,36070.96,21568.62,0.0691399662731872
207,207,002707.SZ,20190530,6.01,6.06,5.9,6.0,6.04,-0.04,-0.6623,44847.79,26724.132,0.011666666666666714
208,208,002707.SZ,20190529,6.01,6.09,6.0,6.04,6.04,0.0,0.0,39144.61,23685.328999999998,0.01655629139072842
209,209,002707.SZ,20190528,6.11,6.13,6.02,6.04,6.09,-0.05,-0.821,53736.77,32710.43,0.01655629139072842
210,210,002707.SZ,20190527,5.99,6.1,5.87,6.09,5.99,0.1,1.6694,59767.53,35922.785,0.004926108374384277
211,211,002707.SZ,20190524,6.01,6.12,5.94,5.99,5.98,0.01,0.1672,45761.5,27537.572,0.030050083472454043
212,212,002707.SZ,20190523,6.03,6.12,5.88,5.98,6.09,-0.11,-1.8062,51768.74,31139.117000000002,0.04347826086956518
213,213,002707.SZ,20190522,6.02,6.12,6.02,6.09,6.07,0.02,0.3295,59183.83,35949.56,0.011494252873563265
214,214,002707.SZ,20190521,5.98,6.11,5.89,6.07,5.94,0.13,2.1886,52439.0,31689.631,0.0
215,215,002707.SZ,20190520,6.0,6.0,5.77,5.94,5.95,-0.01,-0.1681,64523.01,38092.89,-0.001683501683501797
216,216,002707.SZ,20190517,6.32,6.35,5.9,5.95,6.32,-0.37,-5.8544,107369.21,65454.029,0.0016806722689075271
217,217,002707.SZ,20190516,6.33,6.34,6.22,6.32,6.38,-0.06,-0.9404,111269.05,69913.872,-0.07278481012658226
218,218,002707.SZ,20190515,6.19,6.71,6.13,6.38,6.1,0.28,4.5902,159269.31,102641.215,-0.06269592476489019
219,219,002707.SZ,20190514,6.16,6.27,6.09,6.1,6.23,-0.13,-2.0867,51830.67,31968.362999999998,-0.022950819672131098
220,220,002707.SZ,20190513,6.17,6.28,6.12,6.23,6.23,0.0,0.0,54265.8,33755.84,-0.035313001605136535
221,221,002707.SZ,20190510,6.16,6.3,6.0,6.23,6.08,0.15,2.4671,84984.5,52795.706,-0.07223113964687
222,222,002707.SZ,20190509,6.15,6.23,6.06,6.08,6.17,-0.09,-1.4587,68001.62,41724.122,-0.06578947368421058
223,223,002707.SZ,20190508,5.93,6.23,5.75,6.17,6.03,0.14,2.3217,101939.26,62187.505,-0.061588330632090744
224,224,002707.SZ,20190507,5.91,6.09,5.91,6.03,5.9,0.13,2.2034,94878.25,56935.382000000005,-0.05472636815920399
225,225,002707.SZ,20190506,6.36,6.36,5.9,5.9,6.56,-0.66,-10.061,137343.1,83257.959,-0.006779661016949158
226,226,002707.SZ,20190430,6.45,6.67,6.45,6.56,6.44,0.12,1.8634,87998.52,57687.875,-0.09603658536585365
227,227,002707.SZ,20190429,6.71,6.79,6.36,6.44,6.73,-0.29,-4.3091,120246.92,78812.825,-0.06832298136645969
228,228,002707.SZ,20190426,6.75,6.87,6.68,6.73,6.75,-0.02,-0.2963,120648.36,81882.796,-0.10252600297176825
229,229,002707.SZ,20190425,7.21,7.27,6.72,6.75,7.25,-0.5,-6.8966,188683.26,132036.063,-0.10518518518518517
230,230,002707.SZ,20190424,7.32,7.4,7.06,7.25,7.33,-0.08,-1.0914,158650.04,113779.06,-0.16000000000000003
231,231,002707.SZ,20190423,7.64,7.68,7.2,7.33,7.63,-0.3,-3.9318,98763.04,73265.822,-0.18281036834924963
232,232,002707.SZ,20190422,7.78,7.78,7.58,7.63,7.74,-0.11,-1.4212,67237.79,51563.282999999996,-0.21625163826998683
233,233,002707.SZ,20190419,7.67,7.76,7.56,7.74,7.67,0.07,0.9126,74500.29,57087.054000000004,-0.21317829457364346
234,234,002707.SZ,20190418,7.75,7.82,7.65,7.67,7.74,-0.07,-0.9044,94008.98,72652.556,-0.20860495436766618
235,235,002707.SZ,20190417,7.69,7.83,7.64,7.74,7.67,0.07,0.9126,87182.57,67424.22200000001,-0.2325581395348837
236,236,002707.SZ,20190416,7.52,7.67,7.4,7.67,7.53,0.14,1.8592,78387.54,59225.58,-0.22425032594524116
237,237,002707.SZ,20190415,7.7,7.83,7.41,7.53,7.63,-0.1,-1.3106,99825.81,76791.512,-0.16069057104913678
238,238,002707.SZ,20190412,7.71,7.77,7.6,7.63,7.7,-0.07,-0.9091,68332.33,52464.61,-0.16382699868938402
239,239,002707.SZ,20190411,7.86,7.91,7.64,7.7,7.86,-0.16,-2.0356,94601.45,73163.858,-0.20779220779220786
240,240,002707.SZ,20190410,7.92,7.93,7.7,7.86,7.93,-0.07,-0.8827,96110.74,75167.345,-0.20737913486005086
241,241,002707.SZ,20190409,7.98,8.07,7.84,7.93,8.05,-0.12,-1.4907,119347.26,94721.80099999999,-0.21437578814627986
242,242,002707.SZ,20190408,8.38,8.49,7.97,8.05,8.34,-0.29,-3.4772,176366.3,143815.99300000002,-0.24472049689441
243,243,002707.SZ,20190404,8.05,8.4,7.95,8.34,8.11,0.23,2.8360000000000003,238979.9,196195.362,-0.26019184652278177
244,244,002707.SZ,20190403,7.9,8.13,7.8,8.11,8.03,0.08,0.9963,121045.82,96502.901,-0.25647348951911214
245,245,002707.SZ,20190402,8.24,8.25,8.0,8.03,8.11,-0.08,-0.9864,175077.51,141817.709,-0.2652552926525528
246,246,002707.SZ,20190401,7.96,8.2,7.85,8.11,7.94,0.17,2.1411,221953.14,178411.37399999998,-0.19112207151664612
247,247,002707.SZ,20190329,7.73,7.98,7.58,7.94,7.72,0.22,2.8497,129115.17,101070.602,-0.1889168765743073
248,248,002707.SZ,20190328,7.91,8.2,7.7,7.72,8.09,-0.37,-4.5735,163428.34,130018.004,-0.12823834196891185
249,249,002707.SZ,20190327,7.89,8.09,7.48,8.09,7.92,0.17,2.1465,196569.83,153117.72,-0.16563658838071693
250,250,002707.SZ,20190326,8.21,8.22,7.88,7.92,8.34,-0.42,-5.0360000000000005,239909.13,192570.06,-0.08459595959595959
251,251,002707.SZ,20190325,8.2,8.68,8.0,8.34,8.31,0.03,0.361,426447.35,353454.158,-0.12110311750599519
252,252,002707.SZ,20190322,7.69,8.31,7.5,8.31,7.55,0.76,10.0662,387971.23,313329.679,-0.08182912154031294
253,253,002707.SZ,20190321,7.51,7.72,7.36,7.55,7.42,0.13,1.7519999999999998,187563.89,141424.417,0.025165562913907338
254,254,002707.SZ,20190320,7.28,7.42,7.0,7.42,7.23,0.19,2.6279,175086.09,127424.30699999999,0.03369272237196765
255,255,002707.SZ,20190319,7.35,7.44,7.11,7.23,7.39,-0.16,-2.1651,114365.57,83437.231,0.0705394190871369
256,256,002707.SZ,20190318,7.22,7.4,7.16,7.39,7.22,0.17,2.3546,148830.12,108221.48199999999,0.03788903924221925
257,257,002707.SZ,20190315,7.18,7.37,7.16,7.22,7.2,0.02,0.2778,102550.29,74410.336,0.04293628808864273
258,258,002707.SZ,20190314,7.65,7.65,6.95,7.2,7.59,-0.39,-5.1383,133754.83,96477.994,0.059722222222222184
259,259,002707.SZ,20190313,7.49,7.79,7.39,7.59,7.49,0.1,1.3351,163623.21,124813.645,0.014492753623188448
260,260,002707.SZ,20190312,7.5,7.74,7.35,7.49,7.51,-0.02,-0.2663,147763.96,111674.21800000001,0.04939919893190922
261,261,002707.SZ,20190311,7.16,7.53,7.08,7.51,7.16,0.35,4.8883,132443.7,96940.674,0.055925432756324896
262,262,002707.SZ,20190308,7.25,7.52,7.16,7.16,7.64,-0.48,-6.2827,160257.85,117748.09800000001,0.12430167597765371
263,263,002707.SZ,20190307,7.31,7.94,7.25,7.64,7.43,0.21,2.8264,231847.06,175071.34600000002,0.09162303664921469
264,264,002707.SZ,20190306,7.3,7.44,7.13,7.43,7.13,0.3,4.2076,218616.37,159173.039,0.09152086137281289
265,265,002707.SZ,20190305,7.07,7.14,6.91,7.13,7.07,0.06,0.8487,172116.61,120726.492,0.12622720897615702
266,266,002707.SZ,20190304,6.97,7.31,6.96,7.07,7.08,-0.01,-0.1412,209910.12,149571.28,0.14710042432814696
267,267,002707.SZ,20190301,7.13,7.17,6.87,7.08,7.11,-0.03,-0.4219,135561.26,94816.477,0.12146892655367236
268,268,002707.SZ,20190228,6.9,7.13,6.75,7.11,7.0,0.11,1.5714,141654.92,98404.339,0.0857946554149085
269,269,002707.SZ,20190227,6.7,7.28,6.68,7.0,6.74,0.26,3.8576,236480.12,165486.992,0.1557142857142857
270,270,002707.SZ,20190226,6.73,6.97,6.6,6.74,6.58,0.16,2.4316,299071.28,203924.12300000002,0.17507418397626107
271,271,002707.SZ,20190225,6.04,6.58,6.03,6.58,5.98,0.6,10.0334,218827.5,138750.594,0.2674772036474164
272,272,002707.SZ,20190222,5.83,5.99,5.78,5.98,5.85,0.13,2.2222,96142.91,56625.60400000001,0.38963210702341133
273,273,002707.SZ,20190221,5.95,6.01,5.82,5.85,5.97,-0.12,-2.0101,98677.49,58411.445999999996,0.2905982905982906
274,274,002707.SZ,20190220,5.9,6.01,5.84,5.97,5.89,0.08,1.3582,85813.08,50823.380999999994,0.2428810720268007
275,275,002707.SZ,20190219,5.89,6.03,5.82,5.89,5.85,0.04,0.6838,113076.19,66911.302,0.22750424448217332
276,276,002707.SZ,20190218,5.65,5.92,5.64,5.85,5.63,0.22,3.9076,136561.93,79054.13900000001,0.26324786324786326
277,277,002707.SZ,20190215,5.63,5.7,5.62,5.63,5.63,0.0,0.0,63133.0,35756.843,0.28241563055062163
278,278,002707.SZ,20190214,5.6,5.71,5.58,5.63,5.67,-0.04,-0.7055,75631.93,42625.945,0.2788632326820604
279,279,002707.SZ,20190213,5.59,5.72,5.52,5.67,5.58,0.09,1.6129,94991.38,53324.132000000005,0.3386243386243386
280,280,002707.SZ,20190212,5.52,5.64,5.51,5.58,5.52,0.06,1.087,78037.61,43419.4,0.34229390681003585
281,281,002707.SZ,20190211,5.46,5.55,5.43,5.52,5.41,0.11,2.0333,67881.11,37332.526,0.36050724637681164
282,282,002707.SZ,20190201,5.25,5.42,5.21,5.41,5.25,0.16,3.0476,71146.22,38159.15,0.3234750462107209
283,283,002707.SZ,20190131,5.08,5.31,5.07,5.25,5.19,0.06,1.1561,127642.15,66848.645,0.45523809523809516
284,284,002707.SZ,20190130,5.3,5.37,5.15,5.19,5.38,-0.19,-3.5316,129375.78,67942.275,0.4315992292870904
285,285,002707.SZ,20190129,5.71,5.79,5.26,5.38,5.7,-0.32,-5.614,106013.85,57997.358,0.3252788104089219
286,286,002707.SZ,20190128,5.77,5.83,5.7,5.7,5.76,-0.06,-1.0417,60249.65,34750.486000000004,0.24035087719298245
287,287,002707.SZ,20190125,5.92,5.92,5.75,5.76,5.9,-0.14,-2.3729,87247.92,50968.539000000004,0.2291666666666667
288,288,002707.SZ,20190124,5.96,5.97,5.75,5.9,6.01,-0.11,-1.8303,121853.07,71362.423,0.20508474576271185
289,289,002707.SZ,20190123,6.1,6.1,5.98,6.01,6.11,-0.1,-1.6367,72674.1,43691.242,0.16472545757071552
290,290,002707.SZ,20190122,6.05,6.2,6.03,6.11,6.03,0.08,1.3267,130765.49,79715.54,0.10310965630114564
291,291,002707.SZ,20190121,6.03,6.07,5.99,6.03,6.02,0.01,0.1661,82793.61,49916.54,0.09121061359867327
292,292,002707.SZ,20190118,5.97,6.04,5.95,6.02,5.98,0.04,0.6689,79674.8,47758.043,-0.006644518272425108
293,293,002707.SZ,20190117,5.96,6.06,5.95,5.98,5.95,0.03,0.5042,71149.05,42734.42,-0.021739130434782736
294,294,002707.SZ,20190116,6.04,6.09,5.93,5.95,6.06,-0.11,-1.8152,98970.12,59439.251,0.0033613445378150543
295,295,002707.SZ,20190115,5.99,6.07,5.9,6.06,5.98,0.08,1.3378,79981.84,47923.345,-0.028052805280528042
296,296,002707.SZ,20190114,6.38,6.38,5.89,5.98,6.39,-0.41,-6.4163,148388.11,90072.289,-0.021739130434782736
297,297,002707.SZ,20190111,6.31,6.44,6.17,6.39,6.28,0.11,1.7516,59378.58,37366.562000000005,-0.11893583724569637
298,298,002707.SZ,20190110,6.31,6.38,6.25,6.28,6.31,-0.03,-0.4754,41787.51,26367.749,-0.10350318471337584
299,299,002707.SZ,20190109,6.3,6.44,6.24,6.31,6.3,0.01,0.1587,58555.32,37273.852,-0.10142630744849442
300,300,002707.SZ,20190108,6.36,6.52,6.23,6.3,6.35,-0.05,-0.7874,58801.64,37354.431000000004,-0.11428571428571425
301,301,002707.SZ,20190107,6.18,6.4,6.16,6.35,6.16,0.19,3.0844,47121.84,29797.196,-0.13070866141732285
302,302,002707.SZ,20190104,6.03,6.18,5.94,6.16,6.08,0.08,1.3158,47983.95,29145.692000000003,-0.12175324675324675
303,303,002707.SZ,20190103,6.21,6.28,6.05,6.08,6.26,-0.18,-2.8754,37585.13,23136.75,-0.13651315789473686
304,304,002707.SZ,20190102,6.32,6.38,6.2,6.26,6.32,-0.06,-0.9494,21995.75,13821.113000000001,-0.1709265175718849
305,305,002707.SZ,20181228,6.21,6.37,6.2,6.32,6.28,0.04,0.6369,28943.72,18237.587,-0.14873417721518992
306,306,002707.SZ,20181227,6.49,6.49,6.21,6.28,6.3,-0.02,-0.3175,35781.13,22553.292,-0.09235668789808918
307,307,002707.SZ,20181226,6.4,6.49,6.28,6.3,6.42,-0.12,-1.8692,24902.16,15821.837,-0.08571428571428573
308,308,002707.SZ,20181225,6.42,6.46,6.19,6.42,6.51,-0.09,-1.3825,34082.36,21424.39,-0.08099688473520243
309,309,002707.SZ,20181224,6.48,6.53,6.36,6.51,6.46,0.05,0.774,21571.6,13958.681999999999,-0.07680491551459294
310,310,002707.SZ,20181221,6.53,6.61,6.41,6.46,6.6,-0.14,-2.1212,31873.07,20771.576,-0.05417956656346744
311,311,002707.SZ,20181220,6.51,6.68,6.47,6.6,6.47,0.13,2.0093,38285.43,25220.115,-0.08636363636363628
312,312,002707.SZ,20181219,6.46,6.56,6.4,6.47,6.49,-0.02,-0.3082,24802.65,16150.393,-0.06955177743431223
313,313,002707.SZ,20181218,6.39,6.6,6.36,6.49,6.45,0.04,0.6202,29823.48,19345.458,-0.07858243451463787
314,314,002707.SZ,20181217,6.37,6.5,6.37,6.45,6.44,0.01,0.1553,26878.8,17314.771,-0.07751937984496124
315,315,002707.SZ,20181214,6.59,6.6,6.42,6.44,6.61,-0.17,-2.5719,33886.81,22068.938,-0.05900621118012434
316,316,002707.SZ,20181213,6.54,6.69,6.47,6.61,6.54,0.07,1.0703,34616.19,22815.19,-0.09531013615733734
317,317,002707.SZ,20181212,6.54,6.57,6.5,6.54,6.5,0.04,0.6154,17150.96,11215.071000000002,-0.022935779816513815
318,318,002707.SZ,20181211,6.57,6.59,6.42,6.5,6.52,-0.02,-0.3067,27193.95,17708.028000000002,-0.03384615384615381
319,319,002707.SZ,20181210,6.65,6.66,6.51,6.52,6.69,-0.17,-2.5411,32289.74,21215.29,-0.03220858895705521
320,320,002707.SZ,20181207,6.72,6.8,6.61,6.69,6.72,-0.03,-0.4464,29468.86,19725.447,-0.05829596412556062
321,321,002707.SZ,20181206,6.84,6.87,6.71,6.72,6.87,-0.15,-2.1834,43412.96,29392.205,-0.05505952380952383
322,322,002707.SZ,20181205,6.98,6.99,6.81,6.87,7.07,-0.2,-2.8289,57198.2,39298.959,-0.10334788937409024
323,323,002707.SZ,20181204,7.01,7.19,6.93,7.07,7.01,0.06,0.8559,51902.13,36583.418,-0.14002828854314006
324,324,002707.SZ,20181203,6.9,7.09,6.81,7.01,6.69,0.32,4.7833,58250.05,40543.833,-0.10699001426533523
325,325,002707.SZ,20181130,6.57,6.75,6.49,6.69,6.58,0.11,1.6717,45841.76,30372.773999999998,-0.05530642750373693
326,326,002707.SZ,20181129,6.89,6.93,6.57,6.58,6.84,-0.26,-3.8012,36238.29,24556.023999999998,-0.045592705167173224
327,327,002707.SZ,20181128,6.91,6.92,6.62,6.84,6.83,0.01,0.1464,46825.06,31737.917,-0.07894736842105264
328,328,002707.SZ,20181127,6.88,6.97,6.75,6.83,6.82,0.01,0.1466,31092.1,21314.475,-0.06002928257686679
329,329,002707.SZ,20181126,6.84,7.06,6.76,6.82,6.89,-0.07,-1.016,38937.77,26954.356,-0.045454545454545525
330,330,002707.SZ,20181123,7.33,7.33,6.87,6.89,7.28,-0.39,-5.3571,37531.02,26222.028,-0.062409288824383125
331,331,002707.SZ,20181122,7.25,7.36,7.19,7.28,7.22,0.06,0.831,31594.9,23035.912,-0.09340659340659349
332,332,002707.SZ,20181121,7.06,7.28,7.0,7.22,7.23,-0.01,-0.1383,26315.1,18919.445,-0.10387811634349031
333,333,002707.SZ,20181120,7.55,7.61,7.18,7.23,7.56,-0.33,-4.3651,49174.0,36212.412000000004,-0.10235131396957126
334,334,002707.SZ,20181119,7.62,7.79,7.4,7.56,7.64,-0.08,-1.0471,48793.71,36904.704,-0.14682539682539675
335,335,002707.SZ,20181116,7.29,7.79,7.2,7.64,7.26,0.38,5.2342,94774.06,71168.811,-0.15706806282722505
336,336,002707.SZ,20181115,7.09,7.28,7.08,7.26,7.1,0.16,2.2535,45050.53,32467.906000000003,-0.08953168044077128
337,337,002707.SZ,20181114,7.23,7.26,7.05,7.1,7.3,-0.2,-2.7397,64371.43,46017.674000000006,-0.07887323943661967
338,338,002707.SZ,20181113,6.72,7.38,6.7,7.3,6.74,0.56,8.3086,125751.23,88772.454,-0.10958904109589039
339,339,002707.SZ,20181112,6.46,6.79,6.46,6.74,6.55,0.19,2.9008,46344.11,30983.877999999997,-0.032640949554896236
340,340,002707.SZ,20181109,6.65,6.65,6.53,6.55,6.7,-0.15,-2.2388,33249.16,21867.012000000002,0.021374045801526805
341,341,002707.SZ,20181108,6.6,6.77,6.56,6.7,6.55,0.15,2.2901,82639.77,55189.441,0.002985074626865608
342,342,002707.SZ,20181107,6.51,6.73,6.51,6.55,6.52,0.03,0.4601,61857.56,40956.617999999995,0.04885496183206112
343,343,002707.SZ,20181106,6.53,6.58,6.39,6.52,6.59,-0.07,-1.0622,47416.08,30633.6,0.084355828220859
344,344,002707.SZ,20181105,6.5,6.68,6.42,6.59,6.51,0.08,1.2289,65024.16,42554.538,0.06373292867981789
345,345,002707.SZ,20181102,6.36,6.53,6.35,6.51,6.25,0.26,4.16,72007.31,46415.119000000006,0.02764976958525355
346,346,002707.SZ,20181101,6.21,6.34,6.16,6.25,6.15,0.1,1.626,75204.18,47060.712999999996,0.052800000000000014
347,347,002707.SZ,20181031,6.01,6.21,5.98,6.15,6.01,0.14,2.3295,95703.85,58659.706,0.11219512195121943
348,348,002707.SZ,20181030,5.9,6.08,5.86,6.01,6.08,-0.07,-1.1513,93871.67,56062.852,0.1364392678868553
349,349,002707.SZ,20181029,6.51,6.52,6.08,6.08,6.76,-0.68,-10.0592,126095.97,77318.979,0.1217105263157895
350,350,002707.SZ,20181026,6.95,6.98,6.7,6.76,7.05,-0.29,-4.1135,101636.62,69410.964,0.019230769230769214
351,351,002707.SZ,20181025,6.58,7.1,6.5,7.05,6.58,0.47,7.1429,146448.77,99922.972,0.032624113475177366
352,352,002707.SZ,20181017,6.69,6.71,6.28,6.58,6.57,0.01,0.1522,29645.86,19331.702,0.09726443768996955
353,353,002707.SZ,20181016,6.69,6.76,6.49,6.57,6.68,-0.11,-1.6467,29084.87,19263.631999999998,0.10045662100456623
354,354,002707.SZ,20181015,6.75,6.94,6.67,6.68,6.68,0.0,0.0,33147.17,22606.01,0.13173652694610777
355,355,002707.SZ,20181012,6.74,6.83,6.41,6.68,6.79,-0.11,-1.62,52314.23,34777.121,0.1437125748502994
356,356,002707.SZ,20181011,7.21,7.21,6.77,6.79,7.5,-0.71,-9.4667,48427.31,33823.845,0.06921944035346093
357,357,002707.SZ,20181010,7.62,7.69,7.43,7.5,7.59,-0.09,-1.1858,34327.08,25881.379,-0.05333333333333338
358,358,002707.SZ,20181009,7.7,7.82,7.59,7.59,7.69,-0.1,-1.3004,37452.03,28897.71,-0.038208168642951255
359,359,002707.SZ,20181008,8.16,8.16,7.65,7.69,8.41,-0.72,-8.5612,63410.74,50084.405999999995,-0.12353706111833551
360,360,002707.SZ,20180928,8.36,8.46,8.3,8.41,8.36,0.05,0.5981,36368.82,30448.101000000002,-0.22116527942925093
361,361,002707.SZ,20180927,8.33,8.41,8.26,8.36,8.39,-0.03,-0.3576,49368.54,41145.826,-0.19856459330143533
362,362,002707.SZ,20180926,8.54,8.55,8.26,8.39,8.53,-0.14,-1.6413,76673.92,64238.16,-0.21930870083432666
363,363,002707.SZ,20180925,8.72,8.73,8.5,8.53,8.74,-0.21,-2.4027,67426.98,57739.379,-0.23563892145369283
364,364,002707.SZ,20180921,8.56,8.8,8.47,8.74,8.5,0.24,2.8235,57783.18,49948.469000000005,-0.24599542334096114
365,365,002707.SZ,20180920,8.45,8.58,8.42,8.5,8.4,0.1,1.1905,70071.76,59677.503,-0.23411764705882354
366,366,002707.SZ,20180919,8.3,8.46,8.2,8.4,8.34,0.06,0.7194,58944.7,49023.704000000005,-0.255952380952381
367,367,002707.SZ,20180918,8.25,8.35,8.11,8.34,8.25,0.09,1.0909,42271.69,34741.822,-0.2625899280575539
368,368,002707.SZ,20180917,8.23,8.33,8.1,8.25,8.24,0.01,0.1214,23710.77,19505.108,-0.27151515151515154
369,369,002707.SZ,20180914,8.36,8.41,8.21,8.24,8.35,-0.11,-1.3174,21648.42,17972.196,-0.2621359223300971
370,370,002707.SZ,20180913,8.33,8.47,8.21,8.35,8.26,0.09,1.0896,22885.31,19045.528000000002,-0.1904191616766467
371,371,002707.SZ,20180912,8.21,8.37,8.21,8.26,8.23,0.03,0.3645,20483.1,16990.012,-0.14648910411622276
372,372,002707.SZ,20180911,8.1,8.3,8.05,8.23,8.13,0.1,1.23,31500.2,25876.517000000003,-0.20048602673147026
373,373,002707.SZ,20180910,8.56,8.62,8.07,8.13,8.56,-0.43,-5.0234,68561.25,56924.808,-0.19188191881918823
374,374,002707.SZ,20180907,8.64,8.75,8.5,8.56,8.58,-0.02,-0.2331,36748.46,31687.916,-0.21962616822429915
375,375,002707.SZ,20180906,8.64,8.8,8.51,8.58,8.67,-0.09,-1.0381,24671.96,21399.658,-0.2214452214452215
376,376,002707.SZ,20180905,8.83,8.83,8.67,8.67,8.85,-0.18,-2.0339,27850.9,24370.247000000003,-0.2168396770472895
377,377,002707.SZ,20180904,8.67,8.85,8.61,8.85,8.69,0.16,1.8412,46659.38,40866.352,-0.1525423728813559
378,378,002707.SZ,20180903,8.97,9.05,8.42,8.69,8.95,-0.26,-2.905,67052.07,57946.532999999996,-0.1265822784810126
379,379,002707.SZ,20180831,9.35,9.39,8.89,8.95,9.35,-0.4,-4.2781,65833.72,59327.195999999996,-0.1407821229050278
380,380,002707.SZ,20180830,9.28,9.5,9.25,9.35,9.31,0.04,0.4296,51732.4,48447.867999999995,-0.10053475935828872
381,381,002707.SZ,20180829,9.51,9.51,9.23,9.31,9.45,-0.14,-1.4815,41754.2,38938.596,-0.10204081632653073
382,382,002707.SZ,20180828,9.3,9.51,9.26,9.45,9.28,0.17,1.8319,47697.1,44829.827000000005,-0.11216931216931204
383,383,002707.SZ,20180827,8.91,9.3,8.9,9.28,8.94,0.34,3.8031,66871.06,61206.64599999999,-0.08081896551724138
384,384,002707.SZ,20180824,9.05,9.05,8.69,8.94,9.1,-0.16,-1.7582,57684.92,50989.907999999996,-0.02237136465324377
385,385,002707.SZ,20180823,9.37,9.39,8.97,9.1,9.44,-0.34,-3.6017,80577.02,73668.776,-0.0659340659340659
386,386,002707.SZ,20180822,9.37,9.45,9.23,9.44,9.36,0.08,0.8547,37877.47,35369.017,-0.11016949152542364
387,387,002707.SZ,20180821,9.21,9.43,9.15,9.36,9.23,0.13,1.4085,26761.92,24897.421000000002,-0.10897435897435893
388,388,002707.SZ,20180820,9.08,9.26,8.95,9.23,9.08,0.15,1.652,30924.61,28117.867000000002,-0.1061755146262189
389,389,002707.SZ,20180817,9.4,9.4,8.95,9.08,9.26,-0.18,-1.9438,34312.33,31387.92,-0.09251101321585901
390,390,002707.SZ,20180816,9.42,9.56,9.15,9.26,9.38,-0.12,-1.2793,34243.39,31998.154,-0.09827213822894171
391,391,002707.SZ,20180815,9.79,9.83,9.36,9.38,9.79,-0.41,-4.1879,33298.53,31775.392999999996,-0.11940298507462696
392,392,002707.SZ,20180814,9.6,9.86,9.56,9.79,9.56,0.23,2.4059,43263.13,42258.63,-0.15934627170582216
393,393,002707.SZ,20180813,9.35,9.62,9.31,9.56,9.43,0.13,1.3786,31757.19,30312.998,-0.14958158995815896
394,394,002707.SZ,20180810,9.22,9.57,9.22,9.43,9.27,0.16,1.726,29121.38,27505.23,-0.09225874867444318
395,395,002707.SZ,20180809,8.98,9.33,8.98,9.27,8.99,0.28,3.1146,27520.61,25431.507,-0.07443365695792875
396,396,002707.SZ,20180808,9.12,9.38,8.98,8.99,9.1,-0.11,-1.2088,39719.88,36460.725,-0.035595105672969994
397,397,002707.SZ,20180807,8.83,9.17,8.83,9.1,8.81,0.29,3.2917,35945.32,32411.89,-0.027472527472527472
398,398,002707.SZ,20180806,9.31,9.33,8.81,8.81,9.16,-0.35,-3.821,31412.58,28372.717,-0.013620885357548353
399,399,002707.SZ,20180803,9.61,9.65,8.98,9.16,9.55,-0.39,-4.0838,28907.04,27193.179,-0.02292576419213983
400,400,002707.SZ,20180802,9.94,9.94,9.31,9.55,9.95,-0.4,-4.0201,38708.62,37077.107,-0.02094240837696346
401,401,002707.SZ,20180801,10.2,10.38,9.95,9.95,10.2,-0.25,-2.451,48379.12,49270.566,-0.06432160804020089
402,402,002707.SZ,20180731,9.88,10.22,9.81,10.2,9.94,0.26,2.6157,44447.13,44698.549000000006,-0.07352941176470588
403,403,002707.SZ,20180730,9.99,10.0,9.85,9.94,10.0,-0.06,-0.6,31943.76,31707.942000000003,-0.06639839034205233
404,404,002707.SZ,20180727,9.89,10.07,9.72,10.0,9.89,0.11,1.1122,37110.11,36803.14,-0.10600000000000005
405,405,002707.SZ,20180726,10.04,10.04,9.84,9.89,9.92,-0.03,-0.3024,38612.04,38369.373999999996,-0.07987866531850363
406,406,002707.SZ,20180725,9.98,10.19,9.9,9.92,9.95,-0.03,-0.3015,34151.61,34209.977999999996,-0.04838709677419359
407,407,002707.SZ,20180724,9.85,10.04,9.8,9.95,9.95,0.0,0.0,47355.37,47047.416,-0.05929648241206029
408,408,002707.SZ,20180723,10.01,10.05,9.5,9.95,9.98,-0.03,-0.3006,59699.86,58250.26,-0.07236180904522602
409,409,002707.SZ,20180720,10.0,10.08,9.79,9.98,10.03,-0.05,-0.4985,43173.44,42789.382000000005,-0.09018036072144292
410,410,002707.SZ,20180719,10.31,10.4,9.76,10.03,10.53,-0.5,-4.75,91826.95,92364.84300000001,-0.0767696909272183
411,411,002707.SZ,20180718,10.2,10.58,10.0,10.53,10.0,0.53,5.3,122858.42,125638.304,-0.10921177587844241
412,412,002707.SZ,20180717,9.99,10.2,9.86,10.0,10.0,0.0,0.0,58341.73,58717.133,-0.021000000000000085
413,413,002707.SZ,20180716,10.01,10.19,9.87,10.0,10.09,-0.09,-0.89,82814.07,82948.491,-0.04399999999999995
414,414,002707.SZ,20180713,9.18,10.2,9.16,10.09,9.27,0.82,8.85,110807.84,108138.174,-0.06541129831516354
415,415,002707.SZ,20180712,8.87,9.3,8.79,9.27,8.86,0.41,4.63,55654.26,50626.69,0.0
416,416,002707.SZ,20180711,8.95,9.08,8.76,8.86,9.11,-0.25,-2.74,31670.71,28070.542,0.014672686230248396
417,417,002707.SZ,20180710,8.95,9.14,8.95,9.11,8.99,0.12,1.33,30995.35,28108.429,-0.0010976948408342247
418,418,002707.SZ,20180709,8.68,9.02,8.68,8.99,8.62,0.37,4.29,41791.1,37168.896,-0.020022246941045575
419,419,002707.SZ,20180706,9.0,9.05,8.43,8.62,8.86,-0.24,-2.71,46616.51,40736.49,0.06264501160092818
420,420,002707.SZ,20180705,9.22,9.39,8.8,8.86,9.25,-0.39,-4.22,36286.45,32784.629,0.07787810383747193
421,421,002707.SZ,20180704,9.44,9.5,9.22,9.25,9.54,-0.29,-3.04,26353.21,24563.381,0.0756756756756756
422,422,002707.SZ,20180703,9.36,9.56,9.13,9.54,9.36,0.18,1.92,39907.59,37316.271,0.06918238993710694
423,423,002707.SZ,20180702,9.55,9.69,9.28,9.36,9.6,-0.24,-2.5,27689.58,26192.664,0.061965811965811975
424,424,002707.SZ,20180629,9.18,9.68,9.18,9.6,9.18,0.42,4.58,51207.49,48433.365,0.041666666666666706
425,425,002707.SZ,20180628,8.92,9.29,8.92,9.18,9.01,0.17,1.89,43109.68,39540.788,0.07734204793028332
426,426,002707.SZ,20180627,9.31,9.31,8.86,9.01,9.16,-0.15,-1.64,36398.04,33082.616,0.10099889012208658
427,427,002707.SZ,20180626,8.98,9.32,8.81,9.16,9.14,0.02,0.22,35835.59,32628.516,0.08624454148471607
428,428,002707.SZ,20180625,9.5,9.53,9.1,9.14,9.38,-0.24,-2.56,27648.1,25696.943,0.08862144420131277
429,429,002707.SZ,20180622,9.1,9.45,8.87,9.38,9.09,0.29,3.19,44353.96,41018.992999999995,0.06396588486140721
430,430,002707.SZ,20180621,9.42,9.73,9.12,9.12,9.62,-0.5,-5.2,50216.57,47113.657999999996,0.09978070175438598
431,431,002707.SZ,20180620,9.44,9.75,9.22,9.62,9.55,0.07,0.73,63578.08,60314.325999999994,0.09459459459459461
432,432,002707.SZ,20180619,10.05,10.09,9.31,9.55,10.26,-0.71,-6.92,76511.49,73896.957,0.047120418848167464
433,433,002707.SZ,20180615,10.73,10.96,9.98,10.26,11.08,-0.82,-7.4,112921.45,117630.787,-0.02534113060428848
434,434,002707.SZ,20180614,11.11,11.2,10.61,11.08,10.55,0.53,5.02,101670.78,110396.34,-0.08935018050541518
435,435,002707.SZ,20180613,11.5,11.97,10.4,10.55,11.28,-0.73,-6.47,149865.69,167886.98899999997,-0.12132701421800958
436,436,002707.SZ,20180503,11.31,11.36,11.12,11.28,11.26,0.02,0.18,40450.17,45570.205,-0.21453900709219859
437,437,002707.SZ,20180502,11.06,11.29,10.99,11.26,11.06,0.2,1.81,47293.03,52799.249,-0.19094138543516878
438,438,002707.SZ,20180427,11.24,11.45,10.85,11.06,11.19,-0.13,-1.16,61051.63,67817.649,-0.1871609403254973
439,439,002707.SZ,20180426,11.49,11.64,11.16,11.19,11.46,-0.27,-2.36,55530.15,63140.759000000005,-0.22966934763181415
440,440,002707.SZ,20180425,11.61,11.74,11.42,11.46,11.65,-0.19,-1.63,46684.47,53845.619000000006,-0.2268760907504364
441,441,002707.SZ,20180424,11.4,11.76,11.35,11.65,11.39,0.26,2.28,42052.22,48719.890999999996,-0.20600858369098715
442,442,002707.SZ,20180423,11.9,11.9,11.24,11.39,11.79,-0.4,-3.39,59427.04,67921.635,-0.16242317822651461
443,443,002707.SZ,20180420,11.77,11.95,11.6,11.79,11.74,0.05,0.43,41238.46,48549.379,-0.20610687022900762
444,444,002707.SZ,20180419,11.93,12.12,11.69,11.74,11.88,-0.14,-1.18,52020.68,62015.147000000004,-0.182282793867121
445,445,002707.SZ,20180418,11.9,11.97,11.5,11.88,11.77,0.11,0.93,40585.23,47736.703,-0.22727272727272735
446,446,002707.SZ,20180417,11.88,12.07,11.7,11.77,11.78,-0.01,-0.08,53179.08,63285.987,-0.2344944774851317
447,447,002707.SZ,20180416,12.18,12.24,11.65,11.78,12.18,-0.4,-3.28,53274.9,63136.362,-0.22241086587436326
448,448,002707.SZ,20180413,12.16,12.36,12.02,12.18,12.14,0.04,0.33,32611.9,39685.232,-0.24958949096880126
449,449,002707.SZ,20180412,12.57,12.65,12.07,12.14,12.65,-0.51,-4.03,34215.65,42424.899000000005,-0.22734761120263589
450,450,002707.SZ,20180411,12.28,12.67,12.28,12.65,12.28,0.37,3.01,54785.03,68423.44,-0.27905138339920954
451,451,002707.SZ,20180410,12.38,12.54,12.08,12.28,12.32,-0.04,-0.32,35070.2,43273.066,-0.21661237785016288
452,452,002707.SZ,20180409,12.31,12.54,12.26,12.32,12.41,-0.09,-0.73,50757.18,62708.37,-0.2248376623376623
453,453,002707.SZ,20180404,12.5,12.79,12.38,12.41,12.54,-0.13,-1.04,49453.94,62000.333,-0.17324738114423854
454,454,002707.SZ,20180403,12.65,12.85,12.33,12.54,12.89,-0.35,-2.72,57211.45,71609.942,-0.11642743221690584
455,455,002707.SZ,20180402,12.7,13.11,12.62,12.89,12.61,0.28,2.22,67001.31,86777.612,-0.18153607447633824
456,456,002707.SZ,20180330,12.59,12.72,12.37,12.61,12.55,0.06,0.48,37457.21,46945.97900000001,-0.10547184773988899
457,457,002707.SZ,20180329,12.34,12.77,12.34,12.55,12.34,0.21,1.7,39560.35,49559.693,-0.10278884462151401
458,458,002707.SZ,20180328,12.18,12.55,12.16,12.34,12.43,-0.09,-0.72,45037.97,55820.785,-0.1037277147487844
459,459,002707.SZ,20180327,12.0,12.53,12.0,12.43,11.87,0.56,4.72,111180.45,136515.264,-0.09975864843121482
460,460,002707.SZ,20180326,11.14,11.91,11.1,11.87,11.27,0.6,5.32,51531.01,59600.060999999994,-0.03454085930918268
461,461,002707.SZ,20180323,11.76,11.92,11.21,11.27,12.04,-0.77,-6.4,58870.19,68059.219,0.03371783496007105
462,462,002707.SZ,20180322,12.0,12.23,11.97,12.04,12.01,0.03,0.25,31943.89,38580.936,-0.05398671096345504
463,463,002707.SZ,20180321,12.22,12.39,11.97,12.01,12.08,-0.07,-0.58,56171.97,68490.813,-0.018318068276436356
464,464,002707.SZ,20180320,12.22,12.29,11.89,12.08,12.42,-0.34,-2.74,64343.11,77488.09,-0.028145695364238398
465,465,002707.SZ,20180319,12.72,12.93,12.42,12.42,12.65,-0.23,-1.82,46328.0,58546.748,-0.04347826086956515
466,466,002707.SZ,20180316,13.22,13.22,12.55,12.65,12.98,-0.33,-2.54,39633.05,50750.524000000005,-0.0695652173913044
467,467,002707.SZ,20180315,12.68,12.99,12.68,12.98,12.85,0.13,1.01,39169.32,50404.84099999999,-0.09244992295839762
468,468,002707.SZ,20180314,13.45,13.59,12.7,12.85,13.39,-0.54,-4.03,86562.24,112795.414,-0.05214007782101167
469,469,002707.SZ,20180313,13.25,13.63,13.18,13.39,13.32,0.07,0.53,50883.64,68452.67,-0.09335324869305452
470,470,002707.SZ,20180312,13.2,13.66,13.13,13.32,13.12,0.2,1.52,85380.3,114869.627,-0.05030030030030029
471,471,002707.SZ,20180309,12.7,13.18,12.54,13.12,12.63,0.49,3.88,74882.73,96896.20199999999,-0.06402439024390243
472,472,002707.SZ,20180308,12.76,12.84,12.5,12.63,12.7,-0.07,-0.55,42736.68,53885.445,-0.02454473475851152
473,473,002707.SZ,20180307,12.97,12.99,12.62,12.7,12.98,-0.28,-2.16,50617.63,64637.34099999999,-0.022834645669291272
474,474,002707.SZ,20180306,13.2,13.43,12.98,12.98,13.24,-0.26,-1.96,92853.27,122347.026,-0.03389830508474586
475,475,002707.SZ,20180305,12.86,13.24,12.69,13.24,12.78,0.46,3.6,71708.81,93124.229,-0.026435045317220518
476,476,002707.SZ,20180302,13.0,13.26,12.64,12.78,13.15,-0.37,-2.81,64219.35,83036.784,-0.013302034428794988
477,477,002707.SZ,20180301,13.05,13.44,12.75,13.15,13.17,-0.02,-0.15,112112.14,146806.65099999998,-0.04562737642585549
478,478,002707.SZ,20180228,13.03,13.35,12.81,13.17,13.19,-0.02,-0.15,75872.34,99457.207,-0.06302201974183752
479,479,002707.SZ,20180227,12.96,13.41,12.81,13.19,13.17,0.02,0.15,127815.89,167834.97600000002,-0.057619408642911284
480,480,002707.SZ,20180226,12.74,13.43,12.55,13.17,12.74,0.43,3.38,168787.38,219497.18,-0.09870918754745639
481,481,002707.SZ,20180223,11.95,12.78,11.87,12.74,11.78,0.96,8.15,153669.4,189251.299,-0.11538461538461543
482,482,002707.SZ,20180222,12.32,12.38,11.7,11.78,11.9,-0.12,-1.01,68223.19,81278.276,0.02207130730050932
483,483,002707.SZ,20180214,12.15,12.29,11.8,11.9,11.88,0.02,0.17,71892.7,85937.395,0.009243697478991548
484,484,002707.SZ,20180213,11.46,12.26,11.45,11.88,11.49,0.39,3.39,91404.1,109501.59599999999,0.016835016835016776
485,485,002707.SZ,20180212,10.7,11.64,10.7,11.49,10.75,0.74,6.88,111583.88,125119.65699999999,0.08093994778067883
486,486,002707.SZ,20180209,11.11,11.18,10.67,10.75,11.85,-1.1,-9.28,113191.41,122633.978,0.17674418604651165
487,487,002707.SZ,20180208,12.08,12.5,11.76,11.85,12.07,-0.22,-1.82,93891.57,113685.992,0.09535864978902961
488,488,002707.SZ,20180207,11.77,12.34,11.52,12.07,11.51,0.56,4.87,114376.76,136678.372,0.0646230323115161
489,489,002707.SZ,20180206,11.59,12.2,11.43,11.51,11.86,-0.35,-2.95,96630.13,113701.955,0.16333622936576897
490,490,002707.SZ,20180205,11.8,12.45,11.8,11.86,12.07,-0.21,-1.74,76145.27,92534.51,0.12310286677908945
491,491,002707.SZ,20180202,11.99,12.41,11.57,12.07,11.9,0.17,1.43,113847.53,138640.75,0.08699254349627165
492,492,002707.SZ,20180201,12.54,12.54,11.55,11.9,12.48,-0.58,-4.65,117266.15,140365.955,0.06134453781512608
493,493,002707.SZ,20180131,12.73,12.8,12.3,12.48,12.86,-0.38,-2.95,70029.74,87564.16900000001,0.017628205128205038
494,494,002707.SZ,20180130,12.7,12.94,12.46,12.86,12.72,0.14,1.1,88157.15,111687.742,0.009331259720062286
495,495,002707.SZ,20180129,12.3,13.09,12.28,12.72,12.23,0.49,4.01,178358.87,227477.497,0.04088050314465405
496,496,002707.SZ,20180126,11.79,12.31,11.74,12.23,11.86,0.37,3.12,119330.18,145186.60199999998,0.044971381847914875
497,497,002707.SZ,20180125,11.45,12.06,11.41,11.86,11.49,0.37,3.22,101868.1,120798.79800000001,0.10876897133220918
498,498,002707.SZ,20180124,11.2,11.58,11.16,11.49,11.2,0.29,2.59,72631.25,82822.219,0.14621409921671016
499,499,002707.SZ,20180123,11.3,11.31,11.1,11.2,11.4,-0.2,-1.75,61258.51,68658.368,0.17767857142857146
500,500,002707.SZ,20180122,10.65,11.48,10.62,11.4,10.65,0.75,7.04,101613.5,113051.023,0.1552631578947368
501,501,002707.SZ,20180119,10.68,10.76,10.6,10.65,10.75,-0.1,-0.93,23764.42,25402.671000000002,0.19624413145539904
502,502,002707.SZ,20180118,10.65,10.77,10.52,10.75,10.53,0.22,2.09,37939.71,40412.559,0.09581395348837203
503,503,002707.SZ,20180117,10.36,10.6,10.31,10.53,10.39,0.14,1.35,23743.57,24930.144,0.13010446343779689
504,504,002707.SZ,20180116,10.37,10.44,10.32,10.39,10.33,0.06,0.58,18086.6,18783.487,0.14340712223291627
505,505,002707.SZ,20180115,10.62,10.63,10.31,10.33,10.62,-0.29,-2.73,32080.0,33541.362,0.11229428848015491
506,506,002707.SZ,20180112,10.77,10.8,10.6,10.62,10.74,-0.12,-1.12,18797.32,20084.826,0.012241054613936044
507,507,002707.SZ,20180111,10.69,10.76,10.62,10.74,10.66,0.08,0.75,19574.78,20972.972,0.10335195530726252
508,508,002707.SZ,20180110,10.79,10.88,10.61,10.66,10.82,-0.16,-1.48,28234.43,30199.856,0.13227016885553472
509,509,002707.SZ,20180109,10.9,10.98,10.8,10.82,10.99,-0.17,-1.55,19969.74,21699.941000000003,0.06377079482439921
510,510,002707.SZ,20180108,10.99,11.05,10.78,10.99,10.94,0.05,0.46,30613.2,33371.677,0.07916287534121921
511,511,002707.SZ,20180105,10.95,11.01,10.88,10.94,10.96,-0.02,-0.18,19082.05,20886.918,0.10329067641681909
512,512,002707.SZ,20180104,10.88,11.09,10.84,10.96,10.93,0.03,0.27,32813.87,36052.826,0.08576642335766418
513,513,002707.SZ,20180103,10.96,10.97,10.8,10.93,11.03,-0.1,-0.91,34039.07,37015.043,0.1418115279048491
514,514,002707.SZ,20180102,10.92,11.07,10.81,11.03,10.89,0.14,1.29,31350.54,34230.481,0.1659111514052584
