,Unnamed: 0,ts_code,trade_date,open,high,low,close,pre_close,change,pct_chg,vol,amount,yield
0,0,600779.SH,20200403,43.54,44.25,43.24,43.59,43.48,0.11,0.253,30569.85,133804.97699999998,
1,1,600779.SH,20200402,43.03,43.7,42.9,43.48,43.32,0.16,0.3693,24682.41,106890.061,
2,2,600779.SH,20200401,43.1,44.17,42.6,43.32,43.05,0.27,0.6272,34419.82,149418.956,
3,3,600779.SH,20200331,42.3,43.26,42.15,43.05,41.86,1.19,2.8428,32192.9,138034.969,
4,4,600779.SH,20200330,41.92,43.37,41.78,41.86,43.11,-1.25,-2.8996,33506.92,141882.542,
5,5,600779.SH,20200327,43.01,43.89,42.55,43.11,42.05,1.06,2.5208,39201.01,170033.235,
6,6,600779.SH,20200326,41.6,42.94,41.35,42.05,41.9,0.15,0.358,31504.42,133457.87300000002,
7,7,600779.SH,20200325,41.24,42.2,40.58,41.9,40.0,1.9,4.75,43700.52,180990.63199999998,
8,8,600779.SH,20200324,39.79,40.65,39.27,40.0,39.03,0.97,2.4853,34193.8,136734.78699999998,
9,9,600779.SH,20200323,39.89,39.89,38.51,39.03,40.69,-1.66,-4.0796,31421.2,123483.07699999999,
10,10,600779.SH,20200320,40.79,41.1,39.51,40.69,40.08,0.61,1.5219999999999998,32286.91,130502.933,
11,11,600779.SH,20200319,41.8,41.9,39.1,40.08,41.69,-1.61,-3.8618,44167.39,178163.711,
12,12,600779.SH,20200318,43.2,43.64,41.6,41.69,43.06,-1.37,-3.1816,36850.9,157101.251,
13,13,600779.SH,20200317,42.62,43.48,41.46,43.06,42.63,0.43,1.0087,40891.95,174249.783,
14,14,600779.SH,20200316,44.56,44.84,42.51,42.63,44.55,-1.92,-4.3098,40838.11,178915.94199999998,
15,15,600779.SH,20200313,43.0,44.98,42.14,44.55,45.34,-0.79,-1.7424,56063.99,243453.379,
16,16,600779.SH,20200312,45.9,46.0,44.9,45.34,46.42,-1.08,-2.3266,40225.67,182080.342,
17,17,600779.SH,20200311,46.81,47.33,46.28,46.42,46.41,0.01,0.0215,36695.16,171432.164,
18,18,600779.SH,20200310,44.5,46.57,44.5,46.41,45.02,1.39,3.0875,48014.57,219747.435,
19,19,600779.SH,20200309,46.0,46.68,44.88,45.02,47.09,-2.07,-4.3958,55301.75,250046.28699999998,
20,20,600779.SH,20200306,47.7,48.45,47.0,47.09,48.13,-1.04,-2.1608,47030.74,223191.603,-0.07432575918454024
21,21,600779.SH,20200305,47.0,49.1,47.0,48.13,46.7,1.43,3.0621,73800.94,354188.24799999996,-0.09661333887388335
22,22,600779.SH,20200304,46.0,46.83,45.72,46.7,46.05,0.65,1.4115,33298.73,154184.834,-0.07237687366167028
23,23,600779.SH,20200303,46.03,46.41,45.6,46.05,45.56,0.49,1.0755,42339.74,195086.27399999998,-0.06514657980456026
24,24,600779.SH,20200302,44.88,45.92,44.71,45.56,44.98,0.58,1.2895,39336.41,178654.145,-0.08121158911325731
25,25,600779.SH,20200228,46.0,46.3,44.24,44.98,46.84,-1.86,-3.971,56016.36,252407.91,-0.041574032903512616
26,26,600779.SH,20200227,46.07,47.47,46.05,46.84,46.01,0.83,1.804,46672.74,219436.657,-0.10226302305721618
27,27,600779.SH,20200226,46.46,46.8,45.58,46.01,46.4,-0.39,-0.8405,39695.85,183482.431,-0.08932840686807215
28,28,600779.SH,20200225,46.3,47.45,45.66,46.4,47.34,-0.94,-1.9856,48049.29,223078.08399999997,-0.1379310344827586
29,29,600779.SH,20200224,47.12,47.5,46.38,47.34,47.42,-0.08,-0.1687,50990.98,239276.715,-0.17553865652724973
30,30,600779.SH,20200221,47.8,47.98,47.22,47.42,47.71,-0.29,-0.6078,51391.99,244064.19600000003,-0.1419232391396036
31,31,600779.SH,20200220,46.4,48.0,46.4,47.71,46.39,1.32,2.8454,67164.84,319074.113,-0.15992454412072946
32,32,600779.SH,20200219,46.31,47.24,46.03,46.39,46.3,0.09,0.1944,49644.15,231521.518,-0.10131493856434583
33,33,600779.SH,20200218,46.89,46.89,46.02,46.3,46.56,-0.26,-0.5584,43298.46,200820.802,-0.06997840172786167
34,34,600779.SH,20200217,45.64,46.6,45.3,46.56,45.94,0.62,1.3496,42460.27,196665.16100000002,-0.08440721649484535
35,35,600779.SH,20200214,45.6,46.08,45.05,45.94,45.61,0.33,0.7235,31698.03,145113.581,-0.030256856769699622
36,36,600779.SH,20200213,46.93,47.58,45.48,45.61,47.22,-1.61,-3.4096,71837.35,331652.713,-0.005919754439815743
37,37,600779.SH,20200212,47.96,47.96,47.13,47.22,47.91,-0.69,-1.4402,43196.72,204333.88100000002,-0.016941973739940643
38,38,600779.SH,20200211,46.69,48.46,46.3,47.91,46.68,1.23,2.635,59994.08,286121.971,-0.031308703819661866
39,39,600779.SH,20200210,46.08,47.18,45.3,46.68,46.08,0.6,1.3021,43235.74,200944.76,-0.03556126820908305
40,40,600779.SH,20200207,45.29,46.19,44.81,46.08,45.5,0.58,1.2747,50528.91,229874.725,0.02191840277777789
41,41,600779.SH,20200206,45.1,45.6,44.51,45.5,44.97,0.53,1.1786,54517.42,245893.026,0.057802197802197856
42,42,600779.SH,20200205,44.3,45.88,43.31,44.97,44.2,0.77,1.7421,67618.17,303398.519,0.03847009117189246
43,43,600779.SH,20200204,43.0,46.0,43.0,44.2,46.25,-2.05,-4.4324,104419.65,460729.157,0.041855203619909374
44,44,600779.SH,20200203,46.25,46.25,46.25,46.25,51.39,-5.14,-10.0019,12712.0,58793.0,-0.01491891891891887
45,45,600779.SH,20200123,52.52,53.9,50.82,51.39,50.94,0.45,0.8834,108242.14,566773.566,-0.12473243821755213
46,46,600779.SH,20200122,49.25,51.45,48.08,50.94,49.88,1.06,2.1251,50476.36,251887.997,-0.08048684727129946
47,47,600779.SH,20200121,51.65,51.66,49.52,49.88,51.43,-1.55,-3.0138,52133.36,260982.12600000002,-0.07758620689655181
48,48,600779.SH,20200120,52.19,52.4,50.99,51.43,52.21,-0.78,-1.494,34338.09,176411.0,-0.09780283881003307
49,49,600779.SH,20200117,52.19,52.68,52.16,52.21,52.19,0.02,0.0383,28275.87,148163.256,-0.09327714997126982
50,50,600779.SH,20200116,52.68,52.68,52.02,52.19,52.3,-0.11,-0.2103,25591.06,133686.973,-0.09139681931404477
51,51,600779.SH,20200115,51.8,52.69,51.8,52.3,51.75,0.55,1.0628,41132.66,215410.38100000002,-0.08776290630975137
52,52,600779.SH,20200114,53.86,53.87,51.74,51.75,53.5,-1.75,-3.2710000000000004,71697.22,375911.343,-0.10357487922705313
53,53,600779.SH,20200113,53.18,54.46,53.06,53.5,53.18,0.32,0.6017,85985.78,461449.008,-0.1345794392523365
54,54,600779.SH,20200110,52.11,53.5,51.65,53.18,51.79,1.39,2.6839,103360.73,546012.574,-0.12448288830387359
55,55,600779.SH,20200109,51.2,52.0,50.8,51.79,50.77,1.02,2.0091,64220.3,330436.244,-0.11295616914462255
56,56,600779.SH,20200108,51.39,52.21,50.6,50.77,51.43,-0.66,-1.2833,59920.44,307058.61100000003,-0.10163482371479227
57,57,600779.SH,20200107,50.84,51.76,50.45,51.43,50.66,0.77,1.5199,60045.15,307382.78,-0.08185883725452073
58,58,600779.SH,20200106,51.21,51.37,50.4,50.66,51.14,-0.48,-0.9386,56199.31,285539.333,-0.05428345834978287
59,59,600779.SH,20200103,51.75,51.96,51.12,51.14,51.77,-0.63,-1.2169,38068.35,195802.079,-0.08721157606570201
60,60,600779.SH,20200102,51.75,51.97,51.12,51.77,51.75,0.02,0.0386,50491.81,260520.53399999999,-0.10990921383040379
61,61,600779.SH,20191231,53.0,53.05,51.12,51.75,52.73,-0.98,-1.8585,69935.71,362725.601,-0.12077294685990338
62,62,600779.SH,20191230,51.32,53.5,50.78,52.73,51.49,1.24,2.4082,70783.06,371488.905,-0.14716480182059546
63,63,600779.SH,20191227,51.71,52.74,51.4,51.49,51.83,-0.34,-0.6559999999999999,58693.7,305048.283,-0.14158088949310543
64,64,600779.SH,20191226,52.26,52.29,51.3,51.83,51.85,-0.02,-0.0386,24846.96,128482.62199999999,-0.10765965656955429
65,65,600779.SH,20191225,52.06,52.08,51.16,51.85,51.79,0.06,0.1159,27300.1,141116.206,-0.008871745419479283
66,66,600779.SH,20191224,52.21,52.29,51.5,51.79,51.66,0.13,0.2516,23912.6,123886.12800000001,-0.016412434832979366
67,67,600779.SH,20191223,52.1,53.27,51.51,51.66,53.0,-1.34,-2.5283,48939.88,255754.772,-0.03445605884630264
68,68,600779.SH,20191220,53.85,53.87,52.51,53.0,53.4,-0.4,-0.7491,38431.98,203413.235,-0.02962264150943397
69,69,600779.SH,20191219,54.28,54.58,53.18,53.4,53.99,-0.59,-1.0928,41181.7,220727.66,-0.022284644194756512
70,70,600779.SH,20191218,54.91,55.15,53.9,53.99,54.97,-0.98,-1.7828,47086.31,256185.18,-0.03333950731616974
71,71,600779.SH,20191217,55.5,55.59,54.25,54.97,55.2,-0.23,-0.4167,36382.05,199160.24300000002,-0.048571948335455736
72,72,600779.SH,20191216,56.5,56.5,54.11,55.2,56.02,-0.82,-1.4638,53982.61,296107.525,-0.06250000000000004
73,73,600779.SH,20191213,55.77,56.45,55.46,56.02,55.42,0.6,1.0826,27901.89,156065.622,-0.04498393430917535
74,74,600779.SH,20191212,55.8,56.14,55.14,55.42,55.05,0.37,0.6721,24507.57,136603.455,-0.04041862143630462
75,75,600779.SH,20191211,56.26,56.5,54.54,55.05,56.22,-1.17,-2.0811,35063.43,193268.33899999998,-0.059218891916439566
76,76,600779.SH,20191210,56.31,56.62,55.95,56.22,56.0,0.22,0.3929,25845.04,145188.136,-0.09694059053717531
77,77,600779.SH,20191209,57.19,57.19,55.86,56.0,56.91,-0.91,-1.599,28050.54,157688.979,-0.08160714285714286
78,78,600779.SH,20191206,56.03,56.98,56.03,56.91,56.27,0.64,1.1374,27402.06,155332.231,-0.10982252679669655
79,79,600779.SH,20191205,56.43,57.0,55.98,56.27,56.51,-0.24,-0.4247,23328.18,131449.422,-0.09116758485871694
80,80,600779.SH,20191204,58.0,58.5,56.18,56.51,57.26,-0.75,-1.3098,26188.02,148903.494,-0.08387895947619882
81,81,600779.SH,20191203,57.7,57.88,56.6,57.26,57.34,-0.08,-0.1395,19877.97,113628.41699999999,-0.09622773314704852
82,82,600779.SH,20191202,56.39,58.28,56.39,57.34,56.37,0.97,1.7208,29365.07,168594.117,-0.08039762818276955
83,83,600779.SH,20191129,57.93,57.98,55.22,56.37,57.72,-1.35,-2.3389,30834.74,174160.76899999997,-0.08657087103069
84,84,600779.SH,20191128,58.12,59.13,57.3,57.72,57.7,0.02,0.0347,26577.44,154385.709,-0.10204435204435205
85,85,600779.SH,20191127,57.54,58.84,57.24,57.7,56.8,0.9,1.5845,32489.64,188488.151,-0.10138648180242636
86,86,600779.SH,20191126,57.03,58.63,56.8,56.8,56.97,-0.17,-0.2984,44891.36,257166.796,-0.08820422535211264
87,87,600779.SH,20191125,57.56,57.89,56.03,56.97,57.14,-0.17,-0.2975,28406.87,161939.985,-0.09320695102685628
88,88,600779.SH,20191122,59.3,59.45,56.49,57.14,58.5,-1.36,-2.3248,35186.97,202339.71,-0.07245362268113406
89,89,600779.SH,20191121,57.97,59.5,57.6,58.5,57.97,0.53,0.9143,27466.39,160966.611,-0.0871794871794872
90,90,600779.SH,20191120,57.5,59.17,57.2,57.97,57.87,0.1,0.1728,29948.72,174476.62300000002,-0.06865620148352591
91,91,600779.SH,20191119,58.2,58.56,57.28,57.87,58.2,-0.33,-0.5670000000000001,31672.77,183270.22600000002,-0.05011232071885258
92,92,600779.SH,20191118,58.55,58.79,57.05,58.2,58.28,-0.08,-0.1373,25074.06,145103.72400000002,-0.05154639175257732
93,93,600779.SH,20191115,58.36,58.87,57.66,58.28,58.55,-0.27,-0.4611,27084.1,157892.457,-0.03877831159917636
94,94,600779.SH,20191114,58.05,59.3,56.83,58.55,57.21,1.34,2.3422,45494.45,265741.3,-0.05345858240819805
95,95,600779.SH,20191113,57.58,57.78,56.55,57.21,57.78,-0.57,-0.9865,28894.0,165060.208,-0.03775563712637657
96,96,600779.SH,20191112,56.81,58.2,55.94,57.78,56.75,1.03,1.815,38083.28,217698.294,-0.02699896157840087
97,97,600779.SH,20191111,56.95,57.68,55.65,56.75,56.78,-0.03,-0.0528,42133.41,239285.612,-0.013215859030837005
98,98,600779.SH,20191108,60.0,60.37,56.08,56.78,59.66,-2.88,-4.8274,88079.88,505815.144,0.0022895385699189053
99,99,600779.SH,20191107,57.32,59.96,56.8,59.66,56.7,2.96,5.2205,61928.49,363901.30600000004,-0.05682199128394223
100,100,600779.SH,20191106,56.46,57.48,55.72,56.7,56.47,0.23,0.4073,35878.24,203403.98899999997,-0.003350970017636769
101,101,600779.SH,20191105,55.1,57.77,54.49,56.47,54.4,2.07,3.8051,55510.78,313025.041,0.013989729059677691
102,102,600779.SH,20191104,54.3,55.75,53.7,54.4,54.08,0.32,0.5917,49438.09,270341.692,0.054044117647058916
103,103,600779.SH,20191101,53.7,54.5,53.25,54.08,53.18,0.9,1.6924,56909.81,307209.695,0.042344674556213005
104,104,600779.SH,20191031,53.8,54.29,52.55,53.18,52.8,0.38,0.7197,70019.01,374606.82200000004,0.08537044001504324
105,105,600779.SH,20191030,51.6,54.27,51.12,52.8,51.92,0.88,1.6949,79318.41,420599.925,0.09280303030303041
106,106,600779.SH,20191029,49.9,52.46,49.78,51.92,50.29,1.63,3.2412,82460.91,424990.195,0.09399075500770407
107,107,600779.SH,20191028,46.64,50.53,46.64,50.29,45.94,4.35,9.4689,125111.07,617528.871,0.13282958838735334
108,108,600779.SH,20191025,44.98,46.28,44.85,45.94,44.61,1.33,2.9814,27441.23,125682.211,0.24379625598606885
109,109,600779.SH,20191024,45.65,45.88,44.6,44.61,45.58,-0.97,-2.1281,38894.6,174950.44199999998,0.3113651647612643
110,110,600779.SH,20191023,46.44,46.7,45.24,45.58,46.5,-0.92,-1.9785,29003.43,133651.89800000002,0.2718297498903028
111,111,600779.SH,20191022,46.8,47.5,46.46,46.5,47.0,-0.5,-1.0638,26342.42,123233.386,0.244516129032258
112,112,600779.SH,20191021,45.89,47.1,45.08,47.0,45.9,1.1,2.3965,32968.53,153623.872,0.2382978723404256
113,113,600779.SH,20191018,45.76,46.39,45.55,45.9,45.9,0.0,0.0,20527.87,94384.161,0.2697167755991286
114,114,600779.SH,20191017,45.7,46.25,45.6,45.9,45.72,0.18,0.3937,16310.25,74858.822,0.275599128540305
115,115,600779.SH,20191016,45.99,46.1,45.5,45.72,46.23,-0.51,-1.1032,17044.41,77902.409,0.2513123359580053
116,116,600779.SH,20191015,45.85,46.8,45.35,46.23,45.85,0.38,0.8288,29248.4,135538.029,0.24983776768332264
117,117,600779.SH,20191014,45.76,45.96,45.55,45.85,45.58,0.27,0.5924,20908.8,95770.10699999999,0.23773173391493999
118,118,600779.SH,20191011,45.96,46.24,45.44,45.58,45.99,-0.41,-0.8915,18753.22,85657.81,0.24572180781044325
119,119,600779.SH,20191010,46.27,46.27,45.48,45.99,46.39,-0.4,-0.8623,24479.27,112081.742,0.2972385301152423
120,120,600779.SH,20191009,45.48,46.52,44.58,46.39,45.57,0.82,1.7994,31744.74,145435.203,0.2222461737443415
121,121,600779.SH,20191008,45.64,46.35,45.28,45.57,45.32,0.25,0.5516,23725.22,108506.34300000001,0.23919245117401797
122,122,600779.SH,20190930,46.11,46.12,45.26,45.32,45.82,-0.5,-1.0912,22191.69,101140.196,0.20035304501323914
123,123,600779.SH,20190927,46.48,46.74,45.08,45.82,46.74,-0.92,-1.9683,30904.16,141910.75400000002,0.18027062418158005
124,124,600779.SH,20190926,47.1,48.22,46.61,46.74,47.2,-0.46,-0.9746,36724.62,173772.84399999998,0.13778348309798882
125,125,600779.SH,20190925,48.33,48.6,47.11,47.2,48.06,-0.86,-1.7894,43424.93,207568.854,0.11864406779661005
126,126,600779.SH,20190924,47.47,48.88,47.12,48.06,47.08,0.98,2.0816,57530.9,277066.252,0.08031627132750727
127,127,600779.SH,20190923,47.75,48.05,46.56,47.08,47.55,-0.47,-0.9884,40158.87,189500.19199999998,0.0681818181818182
128,128,600779.SH,20190920,47.8,48.12,47.31,47.55,47.25,0.3,0.6349,39231.36,186939.813,-0.033859095688748675
129,129,600779.SH,20190919,46.41,47.6,46.13,47.25,46.55,0.7,1.5038,43129.46,202713.128,-0.05587301587301589
130,130,600779.SH,20190918,45.2,46.7,45.1,46.55,45.24,1.31,2.8957,43992.12,203783.771,-0.020837808807733598
131,131,600779.SH,20190917,45.29,45.69,44.81,45.24,45.23,0.01,0.0221,26995.51,122417.851,0.0278514588859416
132,132,600779.SH,20190916,46.2,46.55,44.95,45.23,46.59,-1.36,-2.9191,47048.45,214814.87,0.03913331859385371
133,133,600779.SH,20190912,46.12,46.69,45.71,46.59,46.25,0.34,0.7351,34655.23,160634.289,-0.014810045074050327
134,134,600779.SH,20190911,47.91,48.0,45.89,46.25,47.81,-1.56,-3.2629,48891.23,227995.629,-0.007567567567567599
135,135,600779.SH,20190910,47.4,48.19,46.68,47.81,47.3,0.51,1.0782,42644.39,203263.238,-0.04371470403681245
136,136,600779.SH,20190909,47.29,47.8,46.91,47.3,47.26,0.04,0.0846,32421.93,153308.925,-0.022621564482029604
137,137,600779.SH,20190906,47.54,47.74,46.71,47.26,47.25,0.01,0.0212,25580.39,120929.677,-0.029834955564959725
138,138,600779.SH,20190905,47.0,47.8,47.0,47.25,46.88,0.37,0.7892,34649.7,164409.387,-0.03534391534391538
139,139,600779.SH,20190904,46.28,46.9,46.15,46.88,46.85,0.03,0.064,32857.31,152994.941,-0.018984641638225268
140,140,600779.SH,20190903,47.69,47.8,46.22,46.85,47.68,-0.83,-1.7408,49699.37,232685.982,-0.00981856990394879
141,141,600779.SH,20190902,47.82,48.71,47.2,47.68,47.56,0.12,0.2523,52981.27,252878.09699999998,-0.044253355704697975
142,142,600779.SH,20190830,46.99,48.99,46.96,47.56,46.92,0.64,1.364,53876.7,258142.878,-0.04709840201850298
143,143,600779.SH,20190829,46.97,47.1,46.41,46.92,46.65,0.27,0.5788,25316.95,118348.17800000001,-0.023444160272804805
144,144,600779.SH,20190828,46.76,47.27,45.97,46.65,46.76,-0.11,-0.2352,35160.09,164417.711,0.001929260450160845
145,145,600779.SH,20190827,46.0,47.31,45.81,46.76,45.67,1.09,2.3867,40139.05,188009.00600000002,0.009409751924722088
146,146,600779.SH,20190826,46.3,46.3,44.98,45.67,46.81,-1.14,-2.4354,40104.76,182547.572,0.05233194657324284
147,147,600779.SH,20190823,46.82,47.29,46.7,46.81,47.06,-0.25,-0.5312,25067.89,117847.689,0.005767998290963384
148,148,600779.SH,20190822,47.09,47.25,46.5,47.06,46.92,0.14,0.2984,28733.84,134673.893,0.010412239694007541
149,149,600779.SH,20190821,47.11,47.47,46.61,46.92,47.25,-0.33,-0.6984,37763.66,177860.492,0.007033248081841395
150,150,600779.SH,20190820,46.28,47.42,45.72,47.25,46.29,0.96,2.0739,46855.73,219831.878,-0.014814814814814874
151,151,600779.SH,20190819,45.32,46.42,45.0,46.29,45.26,1.03,2.2757,45381.03,207889.266,-0.022683084899546277
152,152,600779.SH,20190816,44.71,45.8,44.5,45.26,44.72,0.54,1.2075,35357.71,160044.864,-0.0006628369421122656
153,153,600779.SH,20190815,43.72,45.12,43.72,44.72,45.0,-0.28,-0.6222,26586.01,118496.576,0.041815742397137846
154,154,600779.SH,20190814,45.13,45.9,44.89,45.0,44.52,0.48,1.0782,37921.64,172076.943,0.027777777777777776
155,155,600779.SH,20190813,44.94,44.94,44.32,44.52,45.04,-0.52,-1.1545,18047.22,80379.408,0.07389937106918236
156,156,600779.SH,20190812,45.0,45.24,44.41,45.04,44.27,0.77,1.7393,30977.18,139078.519,0.05017761989342802
157,157,600779.SH,20190809,45.72,46.15,44.17,44.27,45.63,-1.36,-2.9805,36286.91,162803.487,0.06754009487237395
158,158,600779.SH,20190808,43.98,45.94,43.98,45.63,43.89,1.74,3.9645,44052.05,200105.331,0.0355029585798816
159,159,600779.SH,20190807,44.75,45.15,43.81,43.89,44.61,-0.72,-1.614,23959.03,106161.586,0.06812485759854185
160,160,600779.SH,20190806,43.99,45.19,43.4,44.61,44.48,0.13,0.2923,44913.95,199706.723,0.05021295673615786
161,161,600779.SH,20190805,45.0,45.7,44.48,44.48,45.39,-0.91,-2.0048,29835.72,134188.311,0.07194244604316553
162,162,600779.SH,20190802,44.83,45.85,44.72,45.39,46.0,-0.61,-1.3261,36976.71,166751.04,0.04780788719982379
163,163,600779.SH,20190801,46.75,46.76,45.65,46.0,46.75,-0.75,-1.6043,36753.96,169420.033,0.02000000000000004
164,164,600779.SH,20190731,47.25,47.98,46.7,46.75,47.3,-0.55,-1.1628,27765.44,130845.465,-0.0021390374331551106
165,165,600779.SH,20190730,47.81,48.07,47.2,47.3,47.8,-0.5,-1.046,33088.43,157542.667,-0.01141649048625791
166,166,600779.SH,20190729,48.0,48.28,47.54,47.8,47.91,-0.11,-0.2296,21350.85,102203.84800000001,-0.044560669456066855
167,167,600779.SH,20190726,47.74,48.14,47.56,47.91,48.01,-0.1,-0.2083,27145.09,129803.81599999999,-0.022959716134418585
168,168,600779.SH,20190725,49.25,49.25,47.14,48.01,49.15,-1.14,-2.3194,54947.01,262251.202,-0.019787544261612076
169,169,600779.SH,20190724,47.04,49.5,47.02,49.15,46.86,2.29,4.8869,66172.42,320857.13899999997,-0.04537131230925731
170,170,600779.SH,20190723,46.5,48.4,46.01,46.86,49.35,-2.49,-5.0456,66807.74,313544.37100000004,0.00832266325224073
171,171,600779.SH,20190722,49.58,50.4,49.1,49.35,49.43,-0.08,-0.1618,25722.77,127393.88699999999,-0.062006079027355665
172,172,600779.SH,20190719,49.77,50.3,49.07,49.43,49.35,0.08,0.1621,20078.34,99845.811,-0.08436172364960554
173,173,600779.SH,20190718,50.39,51.06,49.35,49.35,50.35,-1.0,-1.9861,24522.34,122430.119,-0.09381965552178323
174,174,600779.SH,20190717,51.26,51.26,50.05,50.35,51.26,-0.91,-1.7753,30507.8,154234.63199999998,-0.10625620655412117
175,175,600779.SH,20190716,51.02,51.73,50.55,51.26,51.4,-0.14,-0.2724,29887.91,152730.90099999998,-0.13148653921186101
176,176,600779.SH,20190715,50.6,52.0,49.0,51.4,51.08,0.32,0.6265,38966.98,198951.572,-0.12373540856031127
177,177,600779.SH,20190712,51.5,51.55,50.8,51.08,50.81,0.27,0.5314,24760.15,126676.42300000001,-0.13332028191072817
178,178,600779.SH,20190711,51.52,51.95,50.5,50.81,50.78,0.03,0.0591,28907.74,147970.312,-0.10194843534737255
179,179,600779.SH,20190710,51.0,51.58,50.1,50.78,51.0,-0.22,-0.4314,23741.22,121024.72099999999,-0.13568333989759748
180,180,600779.SH,20190709,50.63,52.22,50.51,51.0,50.44,0.56,1.1102,49883.89,255945.513,-0.12529411764705883
181,181,600779.SH,20190708,51.68,51.68,49.76,50.44,51.38,-0.94,-1.8295,36654.13,186442.19199999998,-0.1181601903251388
182,182,600779.SH,20190705,50.84,51.85,50.3,51.38,50.32,1.06,2.1065,43605.84,222865.407,-0.11658232775398991
183,183,600779.SH,20190704,51.55,52.1,49.68,50.32,51.7,-1.38,-2.6692,47341.95,238343.16,-0.08585055643879173
184,184,600779.SH,20190703,53.62,54.43,51.64,52.84,53.8,-0.96,-1.7844,61030.54,324515.146,-0.11525359576078734
185,185,600779.SH,20190702,54.29,54.65,53.12,53.8,54.28,-0.48,-0.8843,52177.62,280089.162,-0.120817843866171
186,186,600779.SH,20190701,51.89,54.31,51.21,54.28,50.82,3.46,6.8083,57853.86,308857.034,-0.11938098747236559
187,187,600779.SH,20190628,50.65,51.63,49.88,50.82,50.57,0.25,0.4944,34997.07,177545.017,-0.05726092089728461
188,188,600779.SH,20190627,48.52,50.88,48.52,50.57,48.46,2.11,4.3541,58103.33,291833.868,-0.05062289895194784
189,189,600779.SH,20190626,48.4,48.85,47.9,48.46,48.5,-0.04,-0.0825,23369.94,113074.97300000001,0.01423854725546838
190,190,600779.SH,20190625,48.46,49.59,47.7,48.5,48.65,-0.15,-0.3083,37272.87,180297.087,-0.03381443298969073
191,191,600779.SH,20190624,47.29,48.81,47.29,48.65,47.29,1.36,2.8759,49085.14,237423.742,0.014388489208633152
192,192,600779.SH,20190621,47.31,48.5,47.0,47.29,47.5,-0.21,-0.4421,53184.71,254233.38199999998,0.04525269613026011
193,193,600779.SH,20190620,45.15,47.89,44.85,47.5,45.15,2.35,5.2049,72531.76,340200.146,0.03894736842105266
194,194,600779.SH,20190619,44.8,45.52,44.8,45.15,43.9,1.25,2.8474,36168.97,163490.837,0.11517165005537106
195,195,600779.SH,20190618,43.6,44.38,43.5,43.9,43.55,0.35,0.8037,27717.01,121744.41,0.16765375854214123
196,196,600779.SH,20190617,44.51,44.71,43.02,43.55,44.51,-0.96,-2.1568,39845.28,174270.005,0.18025258323765792
197,197,600779.SH,20190614,45.37,45.76,44.24,44.51,45.18,-0.67,-1.483,30841.07,138176.02300000002,0.14760727926308695
198,198,600779.SH,20190613,45.08,45.49,44.0,45.18,44.9,0.28,0.6236,24946.24,112362.235,0.12461266046923423
199,199,600779.SH,20190612,45.7,45.85,44.8,44.9,45.8,-0.9,-1.9651,42314.07,190870.96600000001,0.13095768374164818
200,200,600779.SH,20190611,44.5,46.18,43.94,45.8,44.53,1.27,2.852,54198.44,247127.60199999998,0.1135371179039302
201,201,600779.SH,20190610,44.13,44.87,42.61,44.53,44.13,0.4,0.9064,45302.22,199984.828,0.13271951493375245
202,202,600779.SH,20190606,45.03,45.09,44.11,44.13,44.76,-0.63,-1.4075,33610.26,149501.321,0.1642873328801269
203,203,600779.SH,20190605,45.63,45.8,44.65,44.76,45.0,-0.24,-0.5333,36694.86,165908.52300000002,0.1242180518319929
204,204,600779.SH,20190604,46.82,47.15,44.98,45.0,46.82,-1.82,-3.8872,38048.49,173500.30800000002,0.1742222222222223
205,205,600779.SH,20190603,47.35,47.72,46.5,46.82,46.99,-0.17,-0.3618,27763.2,130241.80099999999,0.14908158906450228
206,206,600779.SH,20190531,47.85,47.87,46.18,46.99,47.88,-0.89,-1.8588,30674.48,144184.64,0.15513939135986377
207,207,600779.SH,20190530,48.04,48.66,47.0,47.88,48.0,-0.12,-0.25,30103.11,143231.44199999998,0.06140350877192977
208,208,600779.SH,20190529,48.06,48.47,47.4,48.0,48.05,-0.05,-0.1041,28219.62,135680.144,0.053541666666666675
209,209,600779.SH,20190528,47.98,48.79,47.72,48.05,48.01,0.04,0.0833,38368.06,184522.44199999998,0.00853277835587937
210,210,600779.SH,20190527,48.7,49.07,46.68,48.01,48.64,-0.63,-1.2952,52506.85,250884.59100000001,0.0102062070402
211,211,600779.SH,20190524,48.1,49.2,47.72,48.64,48.35,0.29,0.5998,31927.87,155648.678,0.00020559210526311698
212,212,600779.SH,20190523,49.12,49.5,48.07,48.35,49.56,-1.21,-2.4415,36784.18,178955.113,-0.021923474663909044
213,213,600779.SH,20190522,49.43,50.31,48.67,49.56,49.8,-0.24,-0.4819,37540.82,186333.40300000002,-0.04156577885391449
214,214,600779.SH,20190521,48.3,51.11,47.35,49.8,48.29,1.51,3.1269,61590.57,306276.666,-0.0933734939759036
215,215,600779.SH,20190520,47.79,48.8,46.38,48.29,47.9,0.39,0.8142,37338.5,178306.771,-0.09090909090909093
216,216,600779.SH,20190517,48.89,49.58,47.8,47.9,49.3,-1.4,-2.8398,41859.8,202748.62600000002,-0.09081419624217123
217,217,600779.SH,20190516,48.36,49.89,47.8,49.3,48.78,0.52,1.0659999999999998,49711.9,243332.75199999998,-0.0971602434077079
218,218,600779.SH,20190515,47.32,49.4,47.32,48.78,46.9,1.88,4.0085,63288.62,306551.536,-0.0738007380073801
219,219,600779.SH,20190514,46.51,47.66,46.41,46.9,47.31,-0.41,-0.8666,38999.05,183354.643,-0.042643923240938165
220,220,600779.SH,20190513,47.3,48.98,46.86,47.31,47.65,-0.34,-0.7135,42393.28,202267.61399999997,-0.03191714225322353
221,221,600779.SH,20190510,45.24,48.28,44.7,47.65,44.52,3.13,7.0305,56916.69,267186.682,-0.0654774396642182
222,222,600779.SH,20190509,45.83,46.59,43.51,44.52,46.38,-1.86,-4.0103,52073.22,234693.462,-0.008760107816711602
223,223,600779.SH,20190508,45.43,47.3,45.0,46.38,46.35,0.03,0.0647,39518.57,183436.026,-0.034928848641655984
224,224,600779.SH,20190507,45.36,46.86,45.36,46.35,45.35,1.0,2.2051,43987.01,203074.678,-0.02912621359223304
225,225,600779.SH,20190506,49.0,49.0,45.35,45.35,50.39,-5.04,-10.002,76018.33,352397.45200000005,0.03241455347298785
226,226,600779.SH,20190430,48.92,50.67,48.48,50.39,49.62,0.77,1.5518,57738.41,288147.369,-0.06747370510021827
227,227,600779.SH,20190429,47.6,50.24,46.15,49.62,47.09,2.53,5.3727,102215.49,495185.89200000005,-0.035066505441354194
228,228,600779.SH,20190426,45.57,47.28,45.5,47.09,45.56,1.53,3.3582,55147.27,256636.23899999997,0.01932469738798039
229,229,600779.SH,20190425,46.78,47.14,45.52,45.56,46.74,-1.18,-2.5246,36556.15,169719.583,0.05465320456540814
230,230,600779.SH,20190424,46.5,47.38,45.62,46.74,46.4,0.34,0.7328,34743.14,161256.399,0.027171587505348652
231,231,600779.SH,20190423,46.0,46.8,45.3,46.4,45.9,0.5,1.0893,40512.4,187242.07,0.04827586206896556
232,232,600779.SH,20190422,46.5,46.94,45.7,45.9,46.35,-0.45,-0.9709,27095.74,125377.541,0.05337690631808285
233,233,600779.SH,20190419,46.84,46.97,45.8,46.35,46.7,-0.35,-0.7495,24863.46,114950.82199999999,0.06925566343042072
234,234,600779.SH,20190418,46.0,46.95,46.0,46.7,46.0,0.7,1.5217,34651.25,161761.364,0.06638115631691636
235,235,600779.SH,20190417,46.0,46.58,45.7,46.0,45.78,0.22,0.4806,36814.95,169697.889,0.04978260869565215
236,236,600779.SH,20190416,45.1,46.0,45.05,45.78,45.32,0.46,1.015,47147.18,214995.798,0.04630843162953249
237,237,600779.SH,20190415,46.89,47.4,45.11,45.32,46.37,-1.05,-2.2644,51686.7,239505.383,0.08781994704324794
238,238,600779.SH,20190412,45.54,46.7,45.54,46.37,45.9,0.47,1.024,39519.8,183027.36800000002,0.051973258572352896
239,239,600779.SH,20190411,48.32,48.6,45.8,45.9,48.37,-2.47,-5.1065,64347.46,300461.906,0.02178649237472767
240,240,600779.SH,20190410,48.7,49.23,47.51,48.37,48.77,-0.4,-0.8202,54312.91,263477.30100000004,-0.021914409758114435
241,241,600779.SH,20190409,49.38,49.94,47.5,48.77,49.0,-0.23,-0.4694,65553.04,317401.183,-0.022964937461554327
242,242,600779.SH,20190408,49.25,52.0,48.7,49.0,47.39,1.61,3.3973,106200.54,529406.027,-0.09142857142857136
243,243,600779.SH,20190403,46.95,48.68,46.5,47.39,47.06,0.33,0.7012,62647.32,296689.756,-0.021312513188436338
244,244,600779.SH,20190402,47.83,47.83,46.58,47.06,47.84,-0.78,-1.6304,81152.19,381896.102,-0.015087122821929469
245,245,600779.SH,20190401,44.8,48.6,44.0,47.84,44.89,2.95,6.5716,135561.08,624235.916,-0.05204849498327763
246,246,600779.SH,20190329,43.53,45.4,43.01,44.89,42.9,1.99,4.6387,163900.81,727421.87,0.1225217197594119
247,247,600779.SH,20190328,42.2,43.16,42.06,42.9,42.46,0.44,1.0363,79000.41,337364.119,0.15664335664335663
248,248,600779.SH,20190327,42.32,43.28,41.62,42.46,41.82,0.64,1.5304,68152.63,289363.6,0.1090438059349977
249,249,600779.SH,20190326,41.71,42.66,41.71,41.82,41.76,0.06,0.1437,52917.32,223010.18300000002,0.08943089430894313
250,250,600779.SH,20190325,42.0,42.35,41.5,41.76,42.28,-0.52,-1.2299,47078.91,197459.69199999998,0.1192528735632185
251,251,600779.SH,20190322,42.2,42.92,41.9,42.28,42.2,0.08,0.1896,62436.42,264596.452,0.09744560075685897
252,252,600779.SH,20190321,42.47,42.85,41.66,42.2,42.46,-0.26,-0.6123,53595.19,225551.175,0.0876777251184833
253,253,600779.SH,20190320,42.62,43.72,41.81,42.46,42.65,-0.19,-0.4455,84942.75,362620.761,0.09161563824776262
254,254,600779.SH,20190319,43.49,43.98,42.18,42.65,44.32,-1.67,-3.7681,129517.64,554900.795,0.09495896834701066
255,255,600779.SH,20190318,42.3,45.05,41.89,44.32,42.18,2.14,5.0735,173432.18,759421.891,0.037906137184115514
256,256,600779.SH,20190315,41.18,42.45,40.61,42.18,41.1,1.08,2.6277,91495.39,382707.208,0.08534850640113802
257,257,600779.SH,20190314,40.7,41.5,40.5,41.1,40.8,0.3,0.7353,53918.59,221925.663,0.10267639902676395
258,258,600779.SH,20190313,40.9,41.53,40.65,40.8,40.86,-0.06,-0.1468,45930.32,188420.349,0.13651960784313727
259,259,600779.SH,20190312,41.13,41.48,40.6,40.86,41.07,-0.21,-0.5113,53157.86,218473.03100000002,0.12334801762114536
260,260,600779.SH,20190311,40.49,41.4,40.3,41.07,40.06,1.01,2.5212,50466.07,206538.777,0.17774531288044795
261,261,600779.SH,20190308,41.47,41.85,39.98,40.06,42.06,-2.0,-4.7551,82418.58,336747.88899999997,0.21742386420369447
262,262,600779.SH,20190307,41.8,42.99,41.5,42.06,41.79,0.27,0.6461,111731.74,469810.19200000004,0.1650023775558725
263,263,600779.SH,20190306,41.89,41.89,41.34,41.79,42.01,-0.22,-0.5237,68025.65,282758.772,0.13400335008375214
264,264,600779.SH,20190305,42.0,42.49,41.56,42.01,42.1,-0.09,-0.2138,60306.22,252548.079,0.12020947393477754
265,265,600779.SH,20190304,42.0,42.95,41.33,42.1,42.29,-0.19,-0.4493,101037.73,427272.36100000003,0.13634204275534445
266,266,600779.SH,20190301,41.52,42.8,41.52,42.29,41.5,0.79,1.9036,84434.94,355259.023,0.06148025537952238
267,267,600779.SH,20190228,42.2,43.0,40.31,41.5,41.48,0.02,0.0482,152426.97,634139.164,0.03373493975903611
268,268,600779.SH,20190227,41.48,41.48,41.48,41.48,37.71,3.77,9.9973,18753.31,77788.73,0.023625843780135103
269,269,600779.SH,20190226,38.21,38.7,37.6,37.71,38.72,-1.01,-2.6085,70815.35,269368.01,0.10898965791567222
270,270,600779.SH,20190225,37.43,39.39,36.68,38.72,37.19,1.53,4.114,98329.51,372535.44399999996,0.07851239669421485
271,271,600779.SH,20190222,35.44,37.78,35.18,37.19,35.63,1.56,4.3783,66204.22,239502.884,0.1368647485883303
272,272,600779.SH,20190221,35.54,36.2,35.01,35.63,35.51,0.12,0.3379,61373.27,219069.53600000002,0.18439517260735336
273,273,600779.SH,20190220,36.05,36.33,35.0,35.51,36.05,-0.54,-1.4979,49907.7,177390.22699999998,0.19571951562940026
274,274,600779.SH,20190219,36.0,36.78,35.33,36.05,36.1,-0.05,-0.1385,63032.25,226973.853,0.1830790568654647
275,275,600779.SH,20190218,34.75,36.42,34.75,36.1,34.47,1.63,4.7287,88657.08,316403.968,0.22770083102493072
276,276,600779.SH,20190215,35.0,35.01,34.43,34.47,35.42,-0.95,-2.6821,77333.99,268277.07899999997,0.22367275892080074
277,277,600779.SH,20190214,32.38,35.66,32.11,35.42,32.42,3.0,9.2535,138420.71,475990.82200000004,0.16036137775268208
278,278,600779.SH,20190213,31.88,32.75,31.86,32.42,31.88,0.54,1.6939,81125.58,261940.84100000001,0.25848241826033297
279,279,600779.SH,20190212,31.39,32.15,31.32,31.88,31.56,0.32,1.0139,75377.62,239597.217,0.2816813048933501
280,280,600779.SH,20190211,30.25,31.88,29.8,31.56,30.25,1.31,4.3306,79989.82,248375.063,0.3013307984790875
281,281,600779.SH,20190201,29.85,30.36,29.77,30.25,29.63,0.62,2.0925,38590.5,116198.2,0.3242975206611571
282,282,600779.SH,20190131,29.01,29.87,29.01,29.63,29.24,0.39,1.3338,53373.49,157606.054,0.4195072561592981
283,283,600779.SH,20190130,30.0,30.4,29.15,29.24,30.22,-0.98,-3.2429,50175.29,149423.49599999998,0.4292065663474693
284,284,600779.SH,20190129,30.01,30.81,29.53,30.22,30.51,-0.29,-0.9505,62626.57,188932.224,0.3901389808074123
285,285,600779.SH,20190128,30.74,31.24,30.46,30.51,30.44,0.07,0.23,63203.27,195251.77399999998,0.3798754506719108
286,286,600779.SH,20190125,31.19,31.5,30.44,30.44,31.19,-0.75,-2.4046,55957.79,172204.62600000002,0.38929040735873843
287,287,600779.SH,20190124,30.84,31.2,30.45,31.19,30.78,0.41,1.3319999999999999,37343.93,115505.474,0.3305546649567168
288,288,600779.SH,20190123,30.81,31.25,30.43,30.78,30.84,-0.06,-0.1946,31288.81,96559.683,0.3476283300844703
289,289,600779.SH,20190122,31.56,31.56,30.76,30.84,31.6,-0.76,-2.4051,38722.02,120003.742,0.22276264591439693
290,290,600779.SH,20190121,31.29,32.36,31.29,31.6,31.3,0.3,0.9585,76597.9,244109.53600000002,0.22531645569620243
291,291,600779.SH,20190118,30.02,31.5,30.02,31.3,30.19,1.11,3.6767,86462.03,268871.716,0.18817891373801907
292,292,600779.SH,20190117,30.15,30.84,29.82,30.19,30.15,0.04,0.1327,49859.86,151448.011,0.180192116594899
293,293,600779.SH,20190116,30.8,30.8,30.09,30.15,30.88,-0.73,-2.364,59353.19,179794.14800000002,0.17777777777777776
294,294,600779.SH,20190115,28.86,31.1,28.82,30.88,28.89,1.99,6.8882,85937.02,257906.951,0.16742227979274607
295,295,600779.SH,20190114,29.33,29.58,28.74,28.89,29.38,-0.49,-1.6678,34806.79,100941.43800000001,0.2495673243336795
296,296,600779.SH,20190111,29.04,29.39,28.72,29.38,29.03,0.35,1.2056,29973.74,87444.95800000001,0.17324710687542547
297,297,600779.SH,20190110,29.39,29.43,28.86,29.03,29.43,-0.4,-1.3592,32303.89,94033.224,0.2201171202204616
298,298,600779.SH,20190109,29.3,30.08,29.05,29.43,29.3,0.13,0.4437,51745.27,153751.462,0.10159700985389065
299,299,600779.SH,20190108,29.26,29.38,28.75,29.3,29.26,0.04,0.1367,27412.48,80024.935,0.08805460750853236
300,300,600779.SH,20190107,29.64,29.68,28.89,29.26,29.49,-0.23,-0.7799,43772.88,127673.95300000001,0.07860560492139429
301,301,600779.SH,20190104,28.41,29.83,28.33,29.49,29.2,0.29,0.9932,50690.74,148275.97,0.02577144794845716
302,302,600779.SH,20190103,31.0,31.0,28.86,29.2,30.89,-1.69,-5.471,55621.56,164669.72,0.014726027397260264
303,303,600779.SH,20190102,31.83,32.39,30.67,30.89,31.67,-0.78,-2.4629,36737.68,115325.002,-0.053415344771770866
304,304,600779.SH,20181228,31.34,32.12,31.05,31.67,31.59,0.08,0.2532,32692.17,103114.601,-0.04578465424692146
305,305,600779.SH,20181227,32.48,32.5,31.59,31.59,31.54,0.05,0.1585,30451.39,97498.41,-0.034188034188034136
306,306,600779.SH,20181226,32.24,32.59,31.47,31.54,32.24,-0.7,-2.1712,27721.87,88481.429,-0.03487634749524407
307,307,600779.SH,20181225,32.02,32.63,31.41,32.24,32.13,0.11,0.3424,36928.43,118265.189,-0.03256823821339953
308,308,600779.SH,20181224,31.0,32.2,30.78,32.13,31.28,0.85,2.7174,35198.62,111455.354,-0.042016806722689114
309,309,600779.SH,20181221,32.02,32.28,30.7,31.28,32.33,-1.05,-3.2478,46837.28,147107.628,-0.014066496163682905
310,310,600779.SH,20181220,32.07,32.61,31.68,32.33,32.33,0.0,0.0,32706.31,105299.55699999999,-0.02257964738632839
311,311,600779.SH,20181219,32.11,32.78,31.98,32.33,31.95,0.38,1.1894,52095.49,169285.91100000002,-0.031858954531394916
312,312,600779.SH,20181218,32.31,32.59,31.58,31.95,32.66,-0.71,-2.1739,36570.14,117204.913,-0.055086071987480376
313,313,600779.SH,20181217,32.26,33.0,32.25,32.66,32.6,0.06,0.184,34098.97,110972.773,-0.07685241886099199
314,314,600779.SH,20181214,33.08,33.58,32.5,32.6,33.35,-0.75,-2.2489,66770.7,220979.16100000002,-0.05276073619631909
315,315,600779.SH,20181213,32.71,33.59,32.22,33.35,32.6,0.75,2.3006,61775.48,204880.13199999998,-0.13373313343328339
316,316,600779.SH,20181212,32.85,32.9,32.15,32.6,32.6,0.0,0.0,42291.44,137381.991,-0.0987730061349694
317,317,600779.SH,20181211,32.19,32.6,31.64,32.6,31.93,0.67,2.0983,46125.63,149152.105,-0.10950920245398774
318,318,600779.SH,20181210,31.1,32.47,31.05,31.93,31.84,0.09,0.2827,42058.21,134232.41199999998,-0.07829627309740056
319,319,600779.SH,20181207,31.69,32.64,31.69,31.84,31.36,0.48,1.5306,65263.0,209645.262,-0.07977386934673364
320,320,600779.SH,20181206,31.69,32.35,30.9,31.36,32.03,-0.67,-2.0918,60419.36,190539.983,-0.06696428571428564
321,321,600779.SH,20181205,31.04,32.84,31.02,32.03,31.98,0.05,0.1563,82848.68,265813.04,-0.07930065563534194
322,322,600779.SH,20181204,32.3,32.59,31.68,31.98,32.35,-0.37,-1.1437,97115.53,311237.798,-0.08692933083176989
323,323,600779.SH,20181203,31.0,32.35,30.3,32.35,30.08,2.27,7.5465,125400.57,396641.117,-0.04513137557959817
324,324,600779.SH,20181130,29.14,30.5,28.58,30.08,29.14,0.94,3.2258,100615.36,299358.393,0.052859042553191606
325,325,600779.SH,20181129,29.18,30.05,29.08,29.14,28.69,0.45,1.5685,90410.98,267245.939,0.08407687028140011
326,326,600779.SH,20181128,28.18,28.82,28.1,28.69,28.31,0.38,1.3423,31064.21,88618.332,0.09933774834437079
327,327,600779.SH,20181127,28.19,28.5,28.02,28.31,28.17,0.14,0.49700000000000005,20299.61,57316.802,0.13882020487460273
328,328,600779.SH,20181126,28.09,28.45,27.91,28.17,28.09,0.08,0.2848,23414.16,66078.88,0.1405750798722045
329,329,600779.SH,20181123,29.01,29.08,27.91,28.09,29.01,-0.92,-3.1713,42247.25,119726.739,0.11356354574581706
330,330,600779.SH,20181122,29.18,29.35,28.75,29.01,29.18,-0.17,-0.5826,43715.32,126571.162,0.11444329541537389
331,331,600779.SH,20181121,28.59,29.49,28.2,29.18,29.07,0.11,0.3784,48072.57,139723.47400000002,0.10795065113091154
332,332,600779.SH,20181120,29.8,29.8,29.0,29.07,30.26,-1.19,-3.9326,71208.96,208590.449,0.09907120743034052
333,333,600779.SH,20181119,29.08,30.75,29.01,30.26,28.9,1.36,4.7059,108676.34,325336.817,0.07931262392597471
334,334,600779.SH,20181116,29.08,29.23,28.77,28.9,28.77,0.13,0.4519,50326.78,145954.799,0.12802768166089976
335,335,600779.SH,20181115,28.69,29.08,28.65,28.77,28.55,0.22,0.7706,45548.25,131195.90300000002,0.15919360444907896
336,336,600779.SH,20181114,29.02,29.28,28.42,28.55,29.02,-0.47,-1.6196,64492.56,186312.44199999998,0.14185639229422067
337,337,600779.SH,20181113,27.87,29.02,27.56,29.02,28.23,0.79,2.7984,88079.03,249356.635,0.12336319779462446
338,338,600779.SH,20181112,28.97,28.97,27.5,28.23,28.71,-0.48,-1.6719,82672.41,230508.461,0.1310662415869642
339,339,600779.SH,20181109,28.66,29.06,28.22,28.71,28.89,-0.18,-0.6231,26738.83,76959.393,0.1090212469522814
340,340,600779.SH,20181108,29.53,29.68,28.64,28.89,29.09,-0.2,-0.6875,41731.26,121388.00300000001,0.08549671166493593
341,341,600779.SH,20181107,29.2,29.8,29.01,29.09,29.2,-0.11,-0.3767,44145.6,129364.18199999999,0.10106565830182197
342,342,600779.SH,20181106,29.75,29.75,28.85,29.2,29.6,-0.4,-1.3514,42151.84,122986.632,0.09520547945205483
343,343,600779.SH,20181105,30.1,30.35,29.3,29.6,30.12,-0.52,-1.7264,77384.42,230311.05800000002,0.0929054054054054
344,344,600779.SH,20181102,29.5,30.55,29.0,30.12,28.31,1.81,6.3935,87899.02,261392.238,-0.0013280212483400631
345,345,600779.SH,20181101,28.4,29.09,28.1,28.31,27.86,0.45,1.6152,83965.44,240157.705,0.029318262098198582
346,346,600779.SH,20181031,26.72,28.1,26.72,27.86,26.12,1.74,6.6616,86187.53,237202.86899999998,0.029791816223977096
347,347,600779.SH,20181030,25.49,26.74,25.25,26.12,25.83,0.29,1.1227,81727.43,213305.94,0.08384379785604891
348,348,600779.SH,20181029,27.99,28.0,25.83,25.83,28.7,-2.87,-10.0,82475.52,214555.285,0.09059233449477366
349,349,600779.SH,20181026,29.83,30.0,28.61,28.7,29.26,-0.56,-1.9139,50748.55,147445.916,-0.021254355400696846
350,350,600779.SH,20181025,28.98,29.98,28.4,29.26,30.0,-0.74,-2.4667,63843.43,186891.272,-0.008544087491455911
351,351,600779.SH,20181024,29.75,30.6,28.66,30.0,30.15,-0.15,-0.4975,89950.88,267300.232,-0.02733333333333334
352,352,600779.SH,20181023,33.33,33.4,29.87,30.15,33.15,-3.0,-9.0498,121783.26,380187.674,-0.035820895522388006
353,353,600779.SH,20181022,31.18,33.53,31.18,33.15,30.75,2.4,7.8049,75560.97,246281.34100000001,-0.08717948717948709
354,354,600779.SH,20181019,30.1,31.21,29.4,30.75,30.43,0.32,1.0516,77824.02,236098.38,-0.060162601626016304
355,355,600779.SH,20181018,31.51,31.75,30.4,30.43,31.62,-1.19,-3.7634,50730.05,157075.831,-0.054551429510351634
356,356,600779.SH,20181017,32.78,32.83,30.81,31.62,32.2,-0.58,-1.8012,30844.87,97392.026,-0.09709044908285895
357,357,600779.SH,20181016,32.3,32.78,31.3,32.2,32.15,0.05,0.1555,28209.86,90672.335,-0.09875776397515537
358,358,600779.SH,20181015,32.65,33.4,32.03,32.15,32.56,-0.41,-1.2592,37041.81,121245.454,-0.12192846034214613
359,359,600779.SH,20181012,31.3,33.13,31.25,32.56,31.75,0.81,2.5512,59391.9,191086.53699999998,-0.11824324324324328
360,360,600779.SH,20181011,33.11,33.5,31.7,31.75,35.22,-3.47,-9.8524,97579.14,317402.835,-0.0900787401574803
361,361,600779.SH,20181010,37.69,37.78,34.98,35.22,37.69,-2.47,-6.5535,85675.28,306650.229,-0.17404883588869957
362,362,600779.SH,20181009,38.51,38.75,37.34,37.69,38.38,-0.69,-1.7978,32793.09,124641.355,-0.22525868930750859
363,363,600779.SH,20181008,39.69,40.01,38.0,38.38,40.9,-2.52,-6.1614,48017.7,186250.503,-0.22876498176133403
364,364,600779.SH,20180928,41.24,41.24,40.02,40.9,40.43,0.47,1.1625,46032.53,187764.187,-0.2635696821515892
365,365,600779.SH,20180927,41.0,41.04,40.1,40.43,41.13,-0.7,-1.7019,55656.83,225734.267,-0.29977739302498146
366,366,600779.SH,20180926,38.5,42.1,38.35,41.13,38.29,2.84,7.4171,97337.68,393446.80299999996,-0.32263554583029425
367,367,600779.SH,20180925,37.86,38.49,37.68,38.29,38.31,-0.02,-0.0522,22897.83,87339.56300000001,-0.3178375554975189
368,368,600779.SH,20180921,37.42,38.65,37.42,38.31,37.49,0.82,2.1872,58640.32,223752.11399999997,-0.3257635082223963
369,369,600779.SH,20180920,38.05,38.23,37.2,37.49,38.3,-0.81,-2.1149,40678.02,153346.595,-0.23446252333955728
370,370,600779.SH,20180919,37.3,38.76,36.74,38.3,37.37,0.93,2.4886,57399.23,218950.10100000002,-0.2360313315926892
371,371,600779.SH,20180918,36.25,37.5,36.0,37.37,37.08,0.29,0.7821,37084.36,136970.22699999998,-0.19721701899919716
372,372,600779.SH,20180917,37.45,38.58,36.81,37.08,37.45,-0.37,-0.988,43166.22,163039.462,-0.18689320388349515
373,373,600779.SH,20180914,36.76,38.09,35.8,37.45,36.56,0.89,2.4344,48944.08,181600.63,-0.11481975967957286
374,374,600779.SH,20180913,38.0,38.16,35.16,36.56,37.53,-0.97,-2.5846,43321.5,158111.813,-0.15891684901531733
375,375,600779.SH,20180912,38.0,38.23,37.29,37.53,38.08,-0.55,-1.4443,20226.15,76363.975,-0.18918198774313885
376,376,600779.SH,20180911,38.0,38.48,37.76,38.08,37.85,0.23,0.6077,19909.96,75764.35,-0.16964285714285707
377,377,600779.SH,20180910,37.94,38.54,37.21,37.85,37.85,0.0,0.0,30714.63,116560.427,-0.1492734478203434
378,378,600779.SH,20180907,37.54,38.3,37.1,37.85,36.85,1.0,2.7137,51368.05,193900.725,-0.15059445178335543
379,379,600779.SH,20180906,37.89,38.42,36.8,36.85,38.11,-1.26,-3.3062,52124.73,195180.34100000001,-0.11641791044776116
380,380,600779.SH,20180905,40.01,40.13,38.08,38.11,39.89,-1.78,-4.4623,65081.63,252514.11,-0.1668853319338756
381,381,600779.SH,20180904,39.86,40.6,39.01,39.89,40.8,-0.91,-2.2304,51568.01,206132.032,-0.11707194785660571
382,382,600779.SH,20180903,41.54,41.54,40.07,40.8,43.6,-2.8,-6.422000000000001,52763.62,215012.69100000002,-0.07622549019607842
383,383,600779.SH,20180831,40.7,43.6,39.01,43.6,41.68,1.92,4.6065,55212.72,223616.637,-0.1197247706422018
384,384,600779.SH,20180830,42.8,43.18,41.43,41.68,42.75,-1.07,-2.5029,29193.17,122950.77,-0.018714011516314806
385,385,600779.SH,20180829,43.36,43.36,42.49,42.75,43.34,-0.59,-1.3613,29321.56,125366.418,-0.054269005847953224
386,386,600779.SH,20180828,43.55,43.55,42.8,43.34,43.13,0.21,0.4869,29793.86,128599.219,-0.050992155053068776
387,387,600779.SH,20180827,41.44,45.0,41.2,43.13,40.98,2.15,5.2465,93967.95,404263.362,-0.11221887317412481
388,388,600779.SH,20180824,41.35,41.45,40.9,40.98,41.25,-0.27,-0.6545,35855.51,147416.725,-0.06515373352855039
389,389,600779.SH,20180823,41.44,41.9,40.9,41.25,41.2,0.05,0.1214,40800.65,168339.395,-0.09115151515151511
390,390,600779.SH,20180822,40.23,41.66,40.1,41.2,40.9,0.3,0.7335,83643.84,344600.31,-0.07038834951456324
391,391,600779.SH,20180821,38.26,42.88,38.26,40.9,42.45,-1.55,-3.6514,275026.3,1115689.443,-0.08630806845965773
392,392,600779.SH,20180820,42.45,42.45,42.45,42.45,47.17,-4.72,-10.0064,75469.0,320365.905,-0.1265017667844524
393,393,600779.SH,20180817,47.15,48.93,46.45,47.17,47.14,0.03,0.0636,17659.88,83571.412,-0.206063175747297
394,394,600779.SH,20180816,50.35,50.36,46.31,47.14,51.08,-3.94,-7.7134,19828.22,96096.994,-0.22443784471786166
395,395,600779.SH,20180815,51.92,52.5,50.71,51.08,51.92,-0.84,-1.6179,16758.74,86249.33,-0.2652701644479248
396,396,600779.SH,20180814,52.0,53.0,50.8,51.92,53.09,-1.17,-2.2038,17043.68,88258.008,-0.2665639445300463
397,397,600779.SH,20180810,53.78,54.55,53.0,53.09,54.06,-0.97,-1.7943,66794.72,357945.35,-0.28705970992653984
398,398,600779.SH,20180809,52.9,54.14,52.68,54.06,52.55,1.51,2.8735,104402.06,558193.31,-0.2998520162782094
399,399,600779.SH,20180808,53.09,53.09,52.03,52.55,52.44,0.11,0.2098,88114.07,463823.237,-0.2987630827783063
400,400,600779.SH,20180807,51.2,52.75,50.05,52.44,51.03,1.41,2.7631,81593.52,417376.04299999995,-0.2732646834477498
401,401,600779.SH,20180806,51.74,52.67,50.86,51.03,52.22,-1.19,-2.2788,66511.13,342634.219,-0.21830295904369978
402,402,600779.SH,20180803,53.24,53.24,52.11,52.22,53.03,-0.81,-1.5274,58560.45,307963.777,-0.2186901570279587
403,403,600779.SH,20180802,54.15,54.17,52.89,53.03,53.88,-0.85,-1.5776,67870.67,361598.434,-0.17782387327927587
404,404,600779.SH,20180801,54.99,55.0,54.39,54.5,54.83,-0.33,-0.6019,48955.61,267252.1,-0.23522935779816515
405,405,600779.SH,20180731,55.0,55.18,54.43,54.83,54.94,-0.11,-0.2002,37121.72,203533.513,-0.22031734451942364
406,406,600779.SH,20180730,55.5,55.9,54.5,54.94,55.19,-0.25,-0.45299999999999996,55239.68,304381.19899999996,-0.211139424827084
407,407,600779.SH,20180727,54.33,55.4,54.2,55.19,54.03,1.16,2.147,59530.66,326730.36699999997,-0.21851784743612965
408,408,600779.SH,20180726,54.35,54.95,54.02,54.03,54.31,-0.28,-0.5156,53098.98,288956.74199999997,-0.2415324819544698
409,409,600779.SH,20180725,55.5,55.6,54.2,54.31,54.99,-0.68,-1.2366,76759.46,419371.48299999995,-0.24047136807217825
410,410,600779.SH,20180724,55.01,55.28,54.45,54.99,54.85,0.14,0.2552,54963.17,301714.13300000003,-0.25077286779414437
411,411,600779.SH,20180723,55.88,55.96,54.8,54.85,55.91,-1.06,-1.8959,47558.19,262331.282,-0.25432999088422975
412,412,600779.SH,20180720,56.0,56.2,55.74,55.91,55.94,-0.03,-0.0536,31368.31,175350.59699999998,-0.24074405294222848
413,413,600779.SH,20180719,56.17,56.32,55.9,55.94,56.17,-0.23,-0.41,29860.99,167336.133,-0.15677511619592413
414,414,600779.SH,20180718,56.46,56.59,55.86,56.17,56.6,-0.43,-0.76,30142.43,169317.79100000003,-0.1607619725832295
415,415,600779.SH,20180717,56.5,56.68,55.7,56.6,56.47,0.13,0.23,46995.32,263648.032,-0.0975265017667845
416,416,600779.SH,20180716,56.0,56.67,55.89,56.47,56.16,0.31,0.55,35061.99,197506.88,-0.08057375597662471
417,417,600779.SH,20180713,56.43,56.87,55.88,56.16,56.5,-0.34,-0.6,67463.08,379793.16,-0.054665242165242045
418,418,600779.SH,20180712,56.35,57.29,56.15,56.5,56.71,-0.21,-0.37,96621.26,548693.971,-0.04318584070796456
419,419,600779.SH,20180711,56.0,58.0,55.0,56.71,54.53,2.18,4.0,112590.71,633173.462,-0.07335566919414571
420,420,600779.SH,20180710,54.8,55.0,53.79,54.53,54.79,-0.26,-0.47,44149.56,239237.87699999998,-0.03832752613240424
421,421,600779.SH,20180709,54.92,55.8,53.9,54.79,54.64,0.15,0.27,70631.01,386172.691,-0.06862566161708337
422,422,600779.SH,20180706,53.2,55.07,53.16,54.64,53.16,1.48,2.78,58681.69,317331.042,-0.044289897510980995
423,423,600779.SH,20180705,52.65,54.3,52.65,53.16,52.64,0.52,0.99,76859.22,410775.905,-0.002445447705041299
424,424,600779.SH,20180704,52.5,54.38,52.29,52.64,52.29,0.35,0.67,83261.59,445593.999,0.03533434650455926
425,425,600779.SH,20180703,54.1,54.1,51.76,52.29,54.09,-1.8,-3.33,119136.22,626943.478,0.04857525339453049
426,426,600779.SH,20180702,55.3,56.49,54.0,54.09,55.23,-1.14,-2.06,69626.93,384423.07,0.01571454982436669
427,427,600779.SH,20180629,54.5,55.52,52.79,55.23,54.45,0.78,1.43,85912.5,466248.934,-0.0007242440702516594
428,428,600779.SH,20180628,55.4,56.5,53.66,54.45,55.6,-1.15,-2.07,128841.15,706634.225,-0.007713498622589562
429,429,600779.SH,20180627,58.0,60.17,54.9,55.6,55.62,-0.02,-0.04,204507.0,1172762.328,-0.023201438848920848
430,430,600779.SH,20180626,55.62,55.62,55.62,55.62,50.56,5.06,10.01,11265.91,62660.990999999995,-0.011326860841423867
431,431,600779.SH,20180625,49.93,50.95,49.65,50.56,49.6,0.96,1.94,28084.23,141540.313,0.08484968354430378
432,432,600779.SH,20180622,48.94,50.16,47.71,49.6,48.93,0.67,1.37,49352.29,242194.11899999998,0.12721774193548377
433,433,600779.SH,20180621,49.98,50.55,48.8,48.93,49.8,-0.87,-1.75,36752.89,181629.824,0.14326589004700588
434,434,600779.SH,20180620,48.0,50.1,47.62,49.8,48.0,1.8,3.75,50784.07,249420.822,0.1279116465863455
435,435,600779.SH,20180619,48.52,49.91,47.05,48.0,50.12,-2.12,-4.23,55419.27,267630.12100000004,0.1791666666666667
436,436,600779.SH,20180615,50.45,51.19,49.3,50.12,50.52,-0.4,-0.79,36296.47,181749.047,0.1266959297685555
437,437,600779.SH,20180614,51.8,52.3,49.93,50.52,52.06,-1.54,-2.96,59030.93,299093.911,0.11163895486935853
438,438,600779.SH,20180613,51.65,52.72,51.21,52.06,51.88,0.18,0.35,48577.96,252850.798,0.08528620822128309
439,439,600779.SH,20180612,49.75,52.25,49.5,51.88,49.83,2.05,4.11,66887.87,342578.162,0.09309946029298377
440,440,600779.SH,20180611,50.78,51.28,49.75,49.83,50.83,-1.0,-1.97,52462.46,263221.907,0.09432069034718048
441,441,600779.SH,20180608,51.41,52.16,49.7,50.83,51.88,-1.05,-2.02,65145.61,328935.965,0.07790674798347434
442,442,600779.SH,20180607,52.5,52.7,51.07,51.88,52.29,-0.41,-0.78,38097.52,197365.077,0.05319969159599071
443,443,600779.SH,20180606,52.03,53.29,51.6,52.29,52.45,-0.16,-0.31,54753.31,286624.363,0.016637980493402132
444,444,600779.SH,20180605,51.8,53.38,50.64,52.45,51.96,0.49,0.94,78136.33,407274.44899999996,0.0036224976167778403
445,445,600779.SH,20180604,48.2,52.2,48.0,51.96,47.95,4.01,8.36,95731.31,481022.633,0.006351039260969944
446,446,600779.SH,20180601,49.93,50.2,47.32,47.95,49.89,-1.94,-3.89,60813.53,295102.711,0.1280500521376434
447,447,600779.SH,20180531,48.61,50.66,48.05,49.89,48.53,1.36,2.8,68377.59,339940.744,0.10703547805171369
448,448,600779.SH,20180530,47.5,49.36,46.51,48.53,47.99,0.54,1.13,58331.91,282327.471,0.12198640016484652
449,449,600779.SH,20180529,49.99,50.41,47.93,47.99,49.7,-1.71,-3.44,56660.45,278289.696,0.15857470306313814
450,450,600779.SH,20180528,47.49,49.72,47.49,49.7,47.38,2.32,4.9,69084.46,338415.773,0.11911468812877252
451,451,600779.SH,20180525,47.68,48.45,47.29,47.38,47.46,-0.08,-0.17,28274.2,135396.866,0.06711692697340649
452,452,600779.SH,20180524,48.64,48.7,47.25,47.46,48.41,-0.95,-1.96,26916.84,128442.715,0.045090602612726516
453,453,600779.SH,20180523,49.2,49.2,47.72,48.41,49.26,-0.85,-1.73,32276.94,156239.614,0.01074158231770302
454,454,600779.SH,20180522,49.35,49.66,48.46,49.26,49.34,-0.08,-0.16,25837.54,126619.164,0.010962241169305708
455,455,600779.SH,20180521,49.12,49.99,48.5,49.34,48.99,0.35,0.71,33622.05,165956.78,-0.027158492095662814
456,456,600779.SH,20180518,47.5,49.0,47.12,48.99,47.45,1.54,3.25,58752.39,283867.54600000003,0.02306593182282089
457,457,600779.SH,20180517,49.0,49.3,47.38,47.45,49.78,-2.33,-4.68,78962.77,380514.43700000003,0.06469968387776608
458,458,600779.SH,20180516,49.51,50.3,48.37,49.78,49.58,0.2,0.4,80300.55,394518.912,0.04580152671755727
459,459,600779.SH,20180515,49.3,49.77,48.44,49.58,49.17,0.41,0.83,48165.4,236692.01100000003,0.04638967325534499
460,460,600779.SH,20180514,47.84,49.77,45.21,49.17,47.59,1.58,3.32,46923.95,229657.863,0.013422818791946239
461,461,600779.SH,20180511,48.21,49.58,47.51,47.59,48.19,-0.6,-1.25,51126.77,247635.86899999998,0.0680815297331371
462,462,600779.SH,20180510,47.14,48.6,47.14,48.19,47.14,1.05,2.23,62798.77,301395.75899999996,0.07657190288441595
463,463,600779.SH,20180509,46.52,47.42,46.22,47.14,46.76,0.38,0.81,59059.04,277675.828,0.10924904539669068
464,464,600779.SH,20180508,45.43,47.75,45.05,46.76,45.16,1.6,3.54,74573.1,348737.06299999997,0.1216852010265185
465,465,600779.SH,20180507,42.58,45.35,42.31,45.16,42.58,2.58,6.06,85606.74,379744.391,0.15057573073516398
466,466,600779.SH,20180504,42.2,42.95,41.88,42.58,42.18,0.4,0.95,38691.68,164806.77300000002,0.1261155472052608
467,467,600779.SH,20180503,40.56,42.49,40.11,42.18,40.96,1.22,2.98,61801.62,256534.676,0.18278805120910385
468,468,600779.SH,20180502,40.1,41.2,40.04,40.96,40.04,0.92,2.3,51668.2,210442.71399999998,0.184814453125
469,469,600779.SH,20180427,40.35,41.08,39.66,40.04,40.01,0.03,0.08,39734.9,159715.223,0.19855144855144863
470,470,600779.SH,20180426,42.6,42.75,39.92,40.01,42.54,-2.53,-5.95,85910.9,349360.573,0.2421894526368409
471,471,600779.SH,20180425,43.5,43.5,42.35,42.54,43.55,-1.01,-2.32,54414.88,232160.32,0.11377527033380357
472,472,600779.SH,20180424,43.16,43.6,43.08,43.55,43.21,0.34,0.79,58734.25,254753.669,0.08978185993111375
473,473,600779.SH,20180423,45.14,45.49,42.86,43.21,45.03,-1.82,-4.04,41357.52,181046.079,0.12034251330710474
474,474,600779.SH,20180420,45.84,45.87,44.52,45.03,45.61,-0.58,-1.27,39715.08,179656.59100000001,0.09393737508327775
475,475,600779.SH,20180419,44.9,45.97,44.76,45.61,45.16,0.45,1.0,50918.94,230697.715,0.08178031133523359
476,476,600779.SH,20180418,44.9,45.18,42.96,45.16,44.96,0.2,0.44,54771.51,241929.017,0.08480956598759977
477,477,600779.SH,20180417,44.79,45.31,44.38,44.96,44.8,0.16,0.36,27813.58,125146.36300000001,0.055382562277580115
478,478,600779.SH,20180416,44.54,45.35,44.0,44.8,44.32,0.48,1.08,23333.26,104685.91699999999,0.11116071428571438
479,479,600779.SH,20180413,45.33,45.98,44.28,44.32,45.33,-1.01,-2.23,29505.86,132366.331,0.11868231046931403
480,480,600779.SH,20180412,46.3,46.45,44.97,45.33,46.15,-0.82,-1.78,48011.87,218031.522,0.08471211118464601
481,481,600779.SH,20180411,45.5,46.57,45.3,46.15,45.2,0.95,2.1,52917.19,244623.432,0.03120260021668483
482,482,600779.SH,20180410,44.8,45.27,44.0,45.2,45.05,0.15,0.33,42840.89,191999.579,0.06615044247787599
483,483,600779.SH,20180409,44.55,45.3,44.0,45.05,44.9,0.15,0.33,31734.48,141991.83800000002,0.04639289678135413
484,484,600779.SH,20180404,42.7,45.68,42.69,44.9,42.73,2.17,5.08,81393.91,364126.936,0.04142538975501112
485,485,600779.SH,20180403,42.4,43.01,42.0,42.73,42.75,-0.02,-0.05,32143.46,136762.048,0.056868710507839926
486,486,600779.SH,20180402,42.6,43.5,41.88,42.75,42.62,0.13,0.31,58801.79,250957.03399999999,-0.003976608187134543
487,487,600779.SH,20180330,43.19,43.19,42.38,42.62,43.19,-0.57,-1.32,31881.56,136063.428,-0.010323791647113978
488,488,600779.SH,20180329,43.0,43.48,41.41,43.19,42.91,0.28,0.65,54846.82,232941.26100000003,-0.0516323222968279
489,489,600779.SH,20180328,43.5,44.48,41.99,42.91,44.13,-1.22,-2.76,85999.93,369655.45700000005,-0.06688417618270794
490,490,600779.SH,20180327,44.3,44.8,43.78,44.13,44.09,0.04,0.09,52678.54,232038.99399999998,-0.09336052571946532
491,491,600779.SH,20180326,41.8,44.2,41.16,44.09,42.19,1.9,4.5,80547.65,349791.17600000004,-0.035155364028124386
492,492,600779.SH,20180323,41.4,43.43,41.15,42.19,43.79,-1.6,-3.65,43825.91,184166.789,0.0322351268073003
493,493,600779.SH,20180322,45.9,46.18,43.42,43.79,46.0,-2.21,-4.8,71764.71,317389.89,-0.013245033112582743
494,494,600779.SH,20180321,45.49,46.9,45.49,46.0,45.67,0.33,0.72,39400.08,181460.355,-0.021086956521739107
495,495,600779.SH,20180320,46.0,46.39,45.34,45.67,46.04,-0.37,-0.8,26885.07,123287.375,-0.0013137727173199534
496,496,600779.SH,20180319,45.9,47.0,45.45,46.04,46.01,0.03,0.07,30682.84,142310.479,-0.019113814074717694
497,497,600779.SH,20180316,45.7,46.51,45.23,46.01,45.7,0.31,0.68,32710.52,150541.182,-0.022821125842208155
498,498,600779.SH,20180315,45.41,46.99,45.37,45.7,45.37,0.33,0.73,60765.0,281707.945,-0.019693654266958547
499,499,600779.SH,20180314,44.83,45.42,43.84,45.37,44.83,0.54,1.2,50592.25,225564.48100000003,-0.023143046065682106
500,500,600779.SH,20180313,44.54,45.23,44.12,44.83,44.43,0.4,0.9,46163.35,206703.819,0.011153245594467991
501,501,600779.SH,20180312,44.6,44.82,43.38,44.43,44.39,0.04,0.09,61453.34,271354.912,0.03871258158901641
502,502,600779.SH,20180309,43.5,44.5,43.01,44.39,43.47,0.92,2.12,48807.05,215828.28100000002,0.01824735300743416
503,503,600779.SH,20180308,43.3,43.5,42.5,43.47,43.06,0.41,0.95,32765.04,141511.482,0.036346905912123265
504,504,600779.SH,20180307,42.51,43.88,42.2,43.06,42.69,0.37,0.87,48239.49,209201.39800000002,0.04273107292150479
505,505,600779.SH,20180306,42.16,42.76,40.87,42.69,41.8,0.89,2.13,56263.47,235619.705,0.0009369875849144799
506,506,600779.SH,20180305,43.7,43.75,41.37,41.8,43.05,-1.25,-2.9,59886.88,252254.71,0.022727272727272797
507,507,600779.SH,20180302,43.7,44.7,42.9,43.05,43.96,-0.91,-2.07,37975.19,165542.717,-0.00998838559814169
508,508,600779.SH,20180301,42.85,44.26,42.58,43.96,42.91,1.05,2.45,56102.06,245503.604,-0.017515923566879053
509,509,600779.SH,20180228,43.9,44.6,42.01,42.91,44.92,-2.01,-4.47,73446.48,317122.512,0.0
510,510,600779.SH,20180227,45.97,45.97,44.63,44.92,45.52,-0.6,-1.32,37663.9,169278.871,-0.017586821015138004
511,511,600779.SH,20180226,46.0,46.29,44.51,45.52,46.0,-0.48,-1.04,51300.77,232821.711,-0.03141476274165201
512,512,600779.SH,20180223,46.02,46.8,44.97,46.0,45.8,0.2,0.44,55047.7,253532.12600000002,-0.08282608695652179
513,513,600779.SH,20180222,45.15,46.5,45.15,45.8,45.07,0.73,1.62,55250.92,253796.229,-0.04388646288209603
514,514,600779.SH,20180214,44.43,45.74,43.71,45.07,44.26,0.81,1.83,55553.04,250244.84399999998,0.020634568449079203
515,515,600779.SH,20180213,45.22,46.8,44.18,44.26,44.98,-0.72,-1.6,90425.53,408755.88,0.03185720741075471
516,516,600779.SH,20180212,41.8,45.15,41.75,44.98,41.71,3.27,7.84,138936.17,610417.379,0.023566029346376218
517,517,600779.SH,20180209,41.0,41.87,38.66,41.71,42.74,-1.03,-2.41,111586.72,449074.97799999994,0.10309278350515456
518,518,600779.SH,20180208,42.44,43.0,41.29,42.74,41.96,0.78,1.86,68919.73,292801.316,0.0692559663079083
519,519,600779.SH,20180207,42.5,44.16,40.8,41.96,42.01,-0.05,-0.12,140396.04,602662.678,0.08126787416587218
520,520,600779.SH,20180206,39.26,43.19,39.08,42.01,41.15,0.86,2.09,168576.18,712401.63,0.0671268745536777
521,521,600779.SH,20180205,40.51,42.0,38.3,41.15,42.56,-1.41,-3.31,169120.85,677650.691,0.07970838396111789
522,522,600779.SH,20180202,42.5,43.25,41.06,42.56,42.87,-0.31,-0.72,96834.21,408409.019,0.042998120300751834
523,523,600779.SH,20180201,45.8,45.8,42.0,42.87,45.91,-3.04,-6.62,129978.64,563739.4789999999,0.013995801259622147
524,524,600779.SH,20180131,45.6,47.15,45.21,45.91,45.65,0.26,0.57,85733.93,396208.034,-0.06207797865388792
525,525,600779.SH,20180130,46.59,46.6,45.0,45.65,46.93,-1.28,-2.73,94432.16,431107.515,-0.06484118291347209
526,526,600779.SH,20180129,50.28,50.28,45.6,46.93,50.25,-3.32,-6.61,119342.49,566744.274,-0.10931174089068832
527,527,600779.SH,20180126,49.58,50.56,48.88,50.25,49.76,0.49,0.98,62715.42,313686.148,-0.1432835820895523
528,528,600779.SH,20180125,51.0,51.31,48.28,49.76,52.0,-2.24,-4.31,115973.38,575016.515,-0.11655948553054657
529,529,600779.SH,20180124,52.8,52.95,51.0,52.0,52.79,-0.79,-1.5,67272.93,348251.605,-0.17480769230769239
530,530,600779.SH,20180123,52.91,53.15,51.5,52.79,52.64,0.15,0.29,56247.85,295706.164,-0.14908126539117253
531,531,600779.SH,20180122,51.16,53.44,51.0,52.64,50.95,1.69,3.32,89498.37,469961.411,-0.13525835866261393
532,532,600779.SH,20180119,52.46,52.52,50.0,50.95,51.94,-0.99,-1.91,81178.41,414457.765,-0.09715407262021594
533,533,600779.SH,20180118,51.8,54.86,51.25,51.94,51.6,0.34,0.66,114302.49,606211.497,-0.11821332306507511
534,534,600779.SH,20180117,52.5,53.26,51.1,51.6,52.54,-0.94,-1.79,67107.15,348834.146,-0.12655038759689924
535,535,600779.SH,20180116,50.51,54.49,49.7,52.54,51.03,1.51,2.96,130534.51,683407.815,-0.15759421393224213
536,536,600779.SH,20180115,47.76,51.1,47.76,51.03,47.75,3.28,6.87,144310.01,715931.5859999999,-0.11855771115030382
537,537,600779.SH,20180112,47.4,48.28,47.0,47.75,47.85,-0.1,-0.21,58169.12,276387.211,-0.12649214659685862
538,538,600779.SH,20180111,49.0,49.01,47.33,47.85,48.9,-1.05,-2.15,70229.74,336977.885,-0.10679205851619643
539,539,600779.SH,20180110,48.2,48.96,47.71,48.9,47.88,1.02,2.13,84006.71,407261.23799999995,-0.141922290388548
540,540,600779.SH,20180109,46.9,48.55,46.4,47.88,46.9,0.98,2.09,91318.43,437866.789,-0.12259816207184637
541,541,600779.SH,20180108,47.6,47.76,46.0,46.9,47.57,-0.67,-1.41,67028.2,312965.563,-0.12260127931769724
542,542,600779.SH,20180105,48.11,48.35,47.21,47.57,47.96,-0.39,-0.81,66912.72,318776.32300000003,-0.1053184780323733
543,543,600779.SH,20180104,46.27,48.0,46.1,47.96,46.3,1.66,3.59,115338.18,547174.0079999999,-0.10613010842368648
544,544,600779.SH,20180103,46.48,46.5,45.51,46.3,46.48,-0.18,-0.39,46614.46,214804.915,-0.0084233261339093
545,545,600779.SH,20180102,46.01,46.7,45.6,46.48,46.8,-0.32,-0.68,57151.16,263853.447,-0.01785714285714282
