,ts_code,trade_date,open,high,low,close,pre_close,change,pct_chg,vol,amount
0,002040.SZ,20200403,6.16,6.18,6.07,6.09,6.16,-0.07,-1.1364,31558.2,19274.471
1,002040.SZ,20200402,6.01,6.21,6.0,6.16,6.06,0.1,1.6502,39197.8,23891.648
2,002040.SZ,20200401,6.1,6.18,6.05,6.06,6.17,-0.11,-1.7828,43923.61,26812.56
3,002040.SZ,20200331,6.1,6.32,6.09,6.17,6.08,0.09,1.4803,60233.56,37425.321
4,002040.SZ,20200330,6.12,6.14,6.0,6.08,6.23,-0.15,-2.4077,44297.0,26802.869
5,002040.SZ,20200327,6.28,6.31,6.21,6.23,6.19,0.04,0.6462,43658.73,27325.558
6,002040.SZ,20200326,6.26,6.38,6.19,6.19,6.35,-0.16,-2.5197,45776.22,28703.336
7,002040.SZ,20200325,6.25,6.43,6.15,6.35,6.1,0.25,4.0984,72261.11,45318.069
8,002040.SZ,20200324,6.12,6.15,5.99,6.1,6.02,0.08,1.3289,33655.74,20440.074
9,002040.SZ,20200323,6.03,6.14,6.0,6.02,6.23,-0.21,-3.3708,36971.0,22408.723
10,002040.SZ,20200320,6.18,6.23,6.1,6.23,6.14,0.09,1.4658,46934.4,28975.771
11,002040.SZ,20200319,6.09,6.18,5.98,6.14,6.1,0.04,0.6557,54205.82,32966.582
12,002040.SZ,20200318,6.24,6.46,6.1,6.1,6.17,-0.07,-1.1345,65789.0,41163.606
13,002040.SZ,20200317,6.3,6.45,6.01,6.17,6.34,-0.17,-2.6814,72207.23,44753.536
14,002040.SZ,20200316,6.75,6.82,6.34,6.34,6.7,-0.36,-5.3731,83746.4,55457.924
15,002040.SZ,20200313,6.55,6.86,6.38,6.7,6.93,-0.23,-3.3189,119662.42,79219.811
16,002040.SZ,20200312,7.09,7.2,6.8,6.93,7.01,-0.08,-1.1412,146726.81,102741.954
17,002040.SZ,20200311,6.86,7.14,6.76,7.01,6.82,0.19,2.7859,157253.25,109700.859
18,002040.SZ,20200310,6.58,6.85,6.56,6.82,6.74,0.08,1.1869,92363.11,62033.238
19,002040.SZ,20200309,6.65,6.98,6.57,6.74,6.81,-0.07,-1.0279,96510.24,65872.776
20,002040.SZ,20200306,6.9,6.96,6.79,6.81,7.07,-0.26,-3.6775,128627.6,88162.962
21,002040.SZ,20200305,7.03,7.19,7.02,7.07,7.17,-0.1,-1.3947,182947.68,129446.964
22,002040.SZ,20200304,6.94,7.39,6.88,7.17,6.8,0.37,5.4412,335642.4,239504.147
23,002040.SZ,20200303,6.24,6.8,6.21,6.8,6.18,0.62,10.0324,102920.59,68331.876
24,002040.SZ,20200302,5.98,6.18,5.98,6.18,5.97,0.21,3.5176,45281.81,27689.396
25,002040.SZ,20200228,6.02,6.18,5.95,5.97,6.26,-0.29,-4.6326,60842.97,36718.869
26,002040.SZ,20200227,6.23,6.42,6.21,6.26,6.25,0.01,0.16,54107.07,34011.737
27,002040.SZ,20200226,6.02,6.38,5.98,6.25,6.09,0.16,2.6273,72487.4,45018.293
28,002040.SZ,20200225,6.14,6.14,5.96,6.09,6.26,-0.17,-2.7157,57935.31,35174.441
29,002040.SZ,20200224,6.3,6.32,6.17,6.26,6.35,-0.09,-1.4173,49588.03,31012.443
30,002040.SZ,20200221,6.37,6.43,6.32,6.35,6.37,-0.02,-0.314,46067.63,29305.973
31,002040.SZ,20200220,6.22,6.37,6.21,6.37,6.21,0.16,2.5765,46492.32,29246.964
32,002040.SZ,20200219,6.22,6.28,6.19,6.21,6.23,-0.02,-0.321,29015.43,18088.018
33,002040.SZ,20200218,6.18,6.25,6.16,6.23,6.19,0.04,0.6462,35858.75,22225.962
34,002040.SZ,20200217,6.03,6.19,6.03,6.19,5.99,0.2,3.3389,41528.98,25499.379
35,002040.SZ,20200214,6.04,6.04,5.97,5.99,6.02,-0.03,-0.4983,23352.8,14018.44
36,002040.SZ,20200213,6.05,6.11,6.01,6.02,6.08,-0.06,-0.9868,31134.0,18833.49
37,002040.SZ,20200212,6.05,6.08,5.96,6.08,6.03,0.05,0.8292,28432.5,17166.582
38,002040.SZ,20200211,6.03,6.13,6.0,6.03,6.05,-0.02,-0.3306,40346.03,24485.606
39,002040.SZ,20200210,5.83,6.05,5.8,6.05,5.85,0.2,3.4188,42639.97,25411.454
40,002040.SZ,20200207,5.81,5.86,5.73,5.85,5.83,0.02,0.3431,35642.79,20696.793
41,002040.SZ,20200206,5.77,5.84,5.67,5.83,5.78,0.05,0.8651,54321.79,31322.657
42,002040.SZ,20200205,5.73,5.9,5.7,5.78,5.73,0.05,0.8726,42235.13,24515.878
43,002040.SZ,20200204,5.5,5.8,5.47,5.73,6.08,-0.35,-5.7566,80047.91,45271.599
44,002040.SZ,20200203,6.08,6.08,6.08,6.08,6.76,-0.68,-10.0592,8206.0,4989.248
45,002040.SZ,20200123,6.89,6.95,6.72,6.76,6.92,-0.16,-2.3121,32785.77,22360.19
46,002040.SZ,20200122,6.92,6.95,6.81,6.92,6.93,-0.01,-0.1443,21975.41,15108.109
47,002040.SZ,20200121,7.03,7.04,6.93,6.93,7.04,-0.11,-1.5625,19411.09,13506.478
48,002040.SZ,20200120,6.91,7.04,6.89,7.04,6.94,0.1,1.4409,21401.31,14962.765
49,002040.SZ,20200117,7.06,7.06,6.92,6.94,7.01,-0.07,-0.9986,24118.5,16838.596
50,002040.SZ,20200116,7.11,7.11,7.0,7.01,7.06,-0.05,-0.7082,21705.49,15291.957
51,002040.SZ,20200115,7.15,7.15,7.05,7.06,7.15,-0.09,-1.2587,25339.3,17938.858
52,002040.SZ,20200114,7.18,7.2,7.13,7.15,7.17,-0.02,-0.2789,33477.1,23993.83
53,002040.SZ,20200113,7.15,7.17,7.11,7.17,7.17,0.0,0.0,26917.9,19210.037
54,002040.SZ,20200110,7.18,7.22,7.13,7.17,7.16,0.01,0.1397,27178.69,19501.887
55,002040.SZ,20200109,7.14,7.2,7.13,7.16,7.1,0.06,0.8451,29495.04,21114.082
56,002040.SZ,20200108,7.17,7.28,7.09,7.1,7.23,-0.13,-1.7981,43810.67,31283.111
57,002040.SZ,20200107,7.11,7.24,7.11,7.23,7.11,0.12,1.6878,52496.24,37729.624
58,002040.SZ,20200106,7.06,7.22,7.03,7.11,7.12,-0.01,-0.1404,51407.95,36585.74
59,002040.SZ,20200103,7.2,7.2,7.1,7.12,7.16,-0.04,-0.5587,41244.26,29447.378
60,002040.SZ,20200102,7.06,7.25,7.02,7.16,7.01,0.15,2.1398,56681.7,40444.539
61,002040.SZ,20191231,6.95,7.02,6.94,7.01,6.98,0.03,0.4298,22552.11,15765.974
62,002040.SZ,20191230,6.9,6.98,6.79,6.98,6.95,0.03,0.4317,32804.77,22600.121
63,002040.SZ,20191227,7.0,7.1,6.93,6.95,6.98,-0.03,-0.4298,47856.56,33670.007
64,002040.SZ,20191226,6.95,6.99,6.93,6.98,6.94,0.04,0.5764,22069.87,15368.561
65,002040.SZ,20191225,6.97,6.98,6.91,6.94,6.99,-0.05,-0.7153,20776.1,14434.017
66,002040.SZ,20191224,6.95,7.0,6.92,6.99,6.94,0.05,0.7205,21646.93,15071.376
67,002040.SZ,20191223,7.08,7.1,6.92,6.94,7.07,-0.13,-1.8388,30390.0,21299.871
68,002040.SZ,20191220,7.21,7.21,7.07,7.07,7.17,-0.1,-1.3947,28417.0,20247.932
69,002040.SZ,20191219,7.15,7.25,7.12,7.17,7.14,0.03,0.4202,32349.2,23251.491
70,002040.SZ,20191218,7.19,7.24,7.11,7.14,7.18,-0.04,-0.5571,37750.9,27098.425
71,002040.SZ,20191217,7.11,7.33,7.08,7.18,7.09,0.09,1.2694,55637.71,40027.935
72,002040.SZ,20191216,6.94,7.09,6.94,7.09,6.97,0.12,1.7217,37906.84,26668.208
73,002040.SZ,20191213,6.89,6.98,6.88,6.97,6.87,0.1,1.4556,41526.69,28791.19
74,002040.SZ,20191212,6.83,6.98,6.78,6.87,6.83,0.04,0.5857,34664.63,23906.443
75,002040.SZ,20191211,6.86,6.86,6.82,6.83,6.84,-0.01,-0.1462,12988.6,8874.044
76,002040.SZ,20191210,6.87,6.87,6.82,6.84,6.87,-0.03,-0.4367,14350.06,9812.373
77,002040.SZ,20191209,6.9,6.92,6.85,6.87,6.91,-0.04,-0.5789,17053.33,11716.903
78,002040.SZ,20191206,6.85,6.91,6.83,6.91,6.86,0.05,0.7289,17226.1,11833.702
79,002040.SZ,20191205,6.81,6.87,6.81,6.86,6.81,0.05,0.7342,20271.9,13866.631
80,002040.SZ,20191204,6.77,6.82,6.77,6.81,6.83,-0.02,-0.2928,10276.03,6986.457
81,002040.SZ,20191203,6.82,6.84,6.74,6.83,6.82,0.01,0.1466,13229.7,8980.019
82,002040.SZ,20191202,6.88,6.98,6.8,6.82,6.76,0.06,0.8876,16102.8,11057.313
83,002040.SZ,20191129,6.73,6.76,6.71,6.76,6.74,0.02,0.2967,8552.6,5758.673
84,002040.SZ,20191128,6.8,6.83,6.73,6.74,6.77,-0.03,-0.4431,13791.1,9335.463
85,002040.SZ,20191127,6.78,6.85,6.75,6.77,6.83,-0.06,-0.8785,17420.8,11847.927
86,002040.SZ,20191126,6.91,6.91,6.81,6.83,6.9,-0.07,-1.0145,16119.0,11021.818
87,002040.SZ,20191125,6.78,6.91,6.71,6.9,6.75,0.15,2.2222,31168.99,21303.4
88,002040.SZ,20191122,6.73,6.82,6.69,6.75,6.73,0.02,0.2972,20473.8,13814.515
89,002040.SZ,20191121,6.71,6.76,6.7,6.73,6.76,-0.03,-0.4438,10571.8,7111.688
90,002040.SZ,20191120,6.77,6.88,6.75,6.76,6.8,-0.04,-0.5882,17872.39,12182.155
91,002040.SZ,20191119,6.73,6.8,6.66,6.8,6.73,0.07,1.0401,14903.69,10075.144
92,002040.SZ,20191118,6.7,6.75,6.7,6.73,6.71,0.02,0.2981,11888.19,7992.738
93,002040.SZ,20191115,6.85,6.86,6.7,6.71,6.88,-0.17,-2.4709,23063.8,15627.93
94,002040.SZ,20191114,6.85,6.95,6.8,6.88,6.92,-0.04,-0.578,14981.9,10309.505
95,002040.SZ,20191113,6.88,7.03,6.85,6.92,6.82,0.1,1.4663,19440.5,13466.276
96,002040.SZ,20191112,6.84,6.86,6.75,6.82,6.8,0.02,0.2941,10912.02,7420.446
97,002040.SZ,20191111,7.01,7.01,6.8,6.8,7.01,-0.21,-2.9957,20609.52,14165.019
98,002040.SZ,20191108,7.05,7.06,6.99,7.01,6.99,0.02,0.2861,14808.02,10405.888
99,002040.SZ,20191107,6.96,7.04,6.96,6.99,6.98,0.01,0.1433,12915.5,9040.273
100,002040.SZ,20191106,7.08,7.08,6.94,6.98,7.08,-0.1,-1.4124,19480.0,13636.572
101,002040.SZ,20191105,7.08,7.12,7.04,7.08,7.05,0.03,0.4255,17933.71,12679.23
102,002040.SZ,20191104,7.07,7.09,7.02,7.05,7.03,0.02,0.2845,18850.8,13295.475
103,002040.SZ,20191101,7.0,7.08,6.96,7.03,7.0,0.03,0.4286,13165.9,9256.731
104,002040.SZ,20191031,7.06,7.09,7.0,7.0,7.06,-0.06,-0.8499,19030.0,13386.384
105,002040.SZ,20191030,7.1,7.13,7.04,7.06,7.14,-0.08,-1.1204,20899.31,14783.926
106,002040.SZ,20191029,7.24,7.24,7.11,7.14,7.25,-0.11,-1.5172,22976.0,16473.895
107,002040.SZ,20191028,7.1,7.25,7.1,7.25,7.13,0.12,1.683,27966.32,20155.649
108,002040.SZ,20191025,7.07,7.15,7.04,7.13,7.1,0.03,0.4225,23375.6,16595.353
109,002040.SZ,20191024,7.13,7.13,7.06,7.1,7.12,-0.02,-0.2809,21781.1,15437.785
110,002040.SZ,20191023,7.25,7.29,7.09,7.12,7.3,-0.18,-2.4658,34158.8,24432.553
111,002040.SZ,20191022,7.23,7.32,7.18,7.3,7.23,0.07,0.9682,19354.9,14021.569
112,002040.SZ,20191021,7.3,7.3,7.12,7.23,7.31,-0.08,-1.0944,27162.7,19549.028
113,002040.SZ,20191018,7.4,7.53,7.3,7.31,7.38,-0.07,-0.9485,26678.29,19740.682
114,002040.SZ,20191017,7.49,7.54,7.35,7.38,7.41,-0.03,-0.4049,27654.0,20550.936
115,002040.SZ,20191016,7.51,7.64,7.4,7.41,7.53,-0.12,-1.5936,40430.2,30377.467
116,002040.SZ,20191015,7.51,7.59,7.3,7.53,7.54,-0.01,-0.1326,51149.72,38203.633
117,002040.SZ,20191014,7.43,7.83,7.43,7.54,7.35,0.19,2.585,75175.53,57237.337
118,002040.SZ,20191011,7.28,7.44,7.22,7.35,7.27,0.08,1.1004,43625.52,32064.987
119,002040.SZ,20191010,7.16,7.27,7.12,7.27,7.15,0.12,1.6783,26350.93,19061.18
120,002040.SZ,20191009,7.1,7.15,7.07,7.15,7.12,0.03,0.4213,14739.6,10479.163
121,002040.SZ,20191008,7.11,7.17,7.09,7.12,7.1,0.02,0.2817,16034.9,11432.392
122,002040.SZ,20190930,7.13,7.16,7.08,7.1,7.12,-0.02,-0.2809,17393.88,12363.127
123,002040.SZ,20190927,7.09,7.19,7.09,7.12,7.09,0.03,0.4231,15136.0,10809.993
124,002040.SZ,20190926,7.23,7.26,7.08,7.09,7.23,-0.14,-1.9364,31408.03,22401.437
125,002040.SZ,20190925,7.35,7.35,7.18,7.23,7.36,-0.13,-1.7663,31190.38,22550.841
126,002040.SZ,20190924,7.35,7.45,7.34,7.36,7.37,-0.01,-0.1357,23281.84,17205.179
127,002040.SZ,20190923,7.51,7.53,7.3,7.37,7.56,-0.19,-2.5132,33765.5,24948.857
128,002040.SZ,20190920,7.49,7.57,7.49,7.56,7.49,0.07,0.9346,33729.09,25429.816
129,002040.SZ,20190919,7.48,7.51,7.44,7.49,7.45,0.04,0.5369,28154.3,21023.728
130,002040.SZ,20190918,7.55,7.55,7.44,7.45,7.51,-0.06,-0.7989,37220.69,27890.555
131,002040.SZ,20190917,7.77,7.78,7.49,7.51,7.78,-0.27,-3.4704,65599.21,49744.322
132,002040.SZ,20190916,7.8,7.85,7.76,7.78,7.81,-0.03,-0.3841,49531.32,38649.872
133,002040.SZ,20190912,7.79,7.82,7.75,7.81,7.8,0.01,0.1282,45218.13,35229.235
134,002040.SZ,20190911,7.79,7.84,7.73,7.8,7.78,0.02,0.2571,56170.22,43750.572
135,002040.SZ,20190910,7.84,7.84,7.72,7.78,7.84,-0.06,-0.7653,55037.85,42768.316
136,002040.SZ,20190909,7.8,7.85,7.75,7.84,7.8,0.04,0.5128,81194.61,63309.268
137,002040.SZ,20190906,7.7,8.0,7.65,7.8,7.69,0.11,1.4304,110122.39,86047.179
138,002040.SZ,20190905,7.64,7.8,7.61,7.69,7.61,0.08,1.0512,87187.2,67206.311
139,002040.SZ,20190904,7.53,7.63,7.46,7.61,7.55,0.06,0.7947,61256.11,46279.589
140,002040.SZ,20190903,7.64,7.64,7.52,7.55,7.65,-0.1,-1.3072,58536.97,44261.329
141,002040.SZ,20190902,7.51,7.66,7.46,7.65,7.53,0.12,1.5936,55055.58,41763.246
142,002040.SZ,20190830,7.72,7.82,7.52,7.53,7.66,-0.13,-1.6971,68106.8,52109.261
143,002040.SZ,20190829,7.84,7.86,7.6,7.66,7.75,-0.09,-1.1613,69679.9,53632.824
144,002040.SZ,20190828,7.92,7.94,7.73,7.75,8.03,-0.28,-3.4869,117114.7,91370.973
145,002040.SZ,20190827,8.21,8.45,8.02,8.03,7.85,0.18,2.293,236484.35,194196.838
146,002040.SZ,20190826,7.69,8.45,7.63,7.85,8.02,-0.17,-2.1197,171561.7,138197.997
147,002040.SZ,20190823,7.92,8.1,7.8,8.02,7.9,0.12,1.519,115617.09,92239.578
148,002040.SZ,20190822,7.78,7.94,7.61,7.9,7.79,0.11,1.4121,100480.82,77982.535
149,002040.SZ,20190821,7.5,8.08,7.48,7.79,7.55,0.24,3.1788,104827.15,81870.982
150,002040.SZ,20190820,7.33,7.69,7.27,7.55,7.26,0.29,3.9945,100499.65,75300.193
151,002040.SZ,20190819,7.09,7.3,7.06,7.26,6.99,0.27,3.8627,67837.3,48998.094
152,002040.SZ,20190816,6.96,7.05,6.95,6.99,6.99,0.0,0.0,30677.44,21506.568
153,002040.SZ,20190815,6.86,7.01,6.78,6.99,7.04,-0.05,-0.7102,37527.21,25796.642
154,002040.SZ,20190814,7.14,7.18,7.02,7.04,7.07,-0.03,-0.4243,38108.11,27037.956
155,002040.SZ,20190813,7.06,7.26,6.92,7.07,7.06,0.01,0.1416,51113.8,36125.297
156,002040.SZ,20190812,6.94,7.07,6.88,7.06,6.94,0.12,1.7291,29132.41,20342.597
157,002040.SZ,20190809,7.13,7.18,6.92,6.94,7.12,-0.18,-2.5281,37754.48,26534.968
158,002040.SZ,20190808,7.14,7.19,7.02,7.12,7.01,0.11,1.5692,38394.96,27254.228
159,002040.SZ,20190807,7.26,7.31,6.98,7.01,7.22,-0.21,-2.9086,54647.81,38901.954
160,002040.SZ,20190806,7.37,7.43,7.0,7.22,7.62,-0.4,-5.2493,70680.55,51024.926
161,002040.SZ,20190805,7.67,7.85,7.58,7.62,7.71,-0.09,-1.1673,49245.11,37815.159
162,002040.SZ,20190802,7.66,7.79,7.63,7.71,7.97,-0.26,-3.2622,55319.17,42616.299
163,002040.SZ,20190801,7.99,8.02,7.91,7.97,8.0,-0.03,-0.375,28591.3,22760.371
164,002040.SZ,20190731,8.01,8.1,7.87,8.0,8.01,-0.01,-0.1248,42117.35,33658.885
165,002040.SZ,20190730,8.03,8.11,7.97,8.01,7.98,0.03,0.3759,45836.35,36891.186
166,002040.SZ,20190729,8.05,8.15,7.96,7.98,8.14,-0.16,-1.9656,47541.68,38204.089
167,002040.SZ,20190726,8.02,8.25,7.96,8.14,8.11,0.03,0.3699,80971.71,65566.18
168,002040.SZ,20190725,7.77,8.17,7.75,8.11,7.93,0.18,2.2699,106150.29,84829.711
169,002040.SZ,20190724,7.59,7.95,7.59,7.93,7.49,0.44,5.8745,81161.57,62892.569
170,002040.SZ,20190723,7.5,7.54,7.42,7.49,7.43,0.06,0.8075,28711.36,21448.245
171,002040.SZ,20190722,7.84,7.84,7.4,7.43,7.8,-0.37,-4.7436,43609.3,32809.835
172,002040.SZ,20190719,7.81,7.91,7.79,7.8,7.77,0.03,0.3861,26864.22,21070.947
173,002040.SZ,20190718,7.95,7.95,7.76,7.77,8.02,-0.25,-3.1172,43130.55,33809.853
174,002040.SZ,20190717,8.01,8.05,7.95,8.02,8.01,0.01,0.1248,33391.12,26735.447
175,002040.SZ,20190716,8.06,8.08,7.97,8.01,8.07,-0.06,-0.7435,35810.21,28690.501
176,002040.SZ,20190715,7.92,8.12,7.8,8.07,7.96,0.11,1.3819,39019.0,31078.634
177,002040.SZ,20190712,7.97,8.04,7.91,7.96,8.04,-0.08,-0.995,37764.91,30115.905
178,002040.SZ,20190711,8.05,8.27,7.95,8.04,8.02,0.02,0.2494,60197.81,48726.75
179,002040.SZ,20190710,7.99,8.25,7.91,8.02,7.96,0.06,0.7538,45593.96,36609.359
180,002040.SZ,20190709,8.07,8.09,7.85,7.96,8.02,-0.06,-0.7481,37060.32,29414.474
181,002040.SZ,20190708,8.48,8.48,8.01,8.02,8.51,-0.49,-5.7579,71189.5,57978.329
182,002040.SZ,20190705,8.54,8.72,8.49,8.51,8.53,-0.02,-0.2345,51816.41,44390.203
183,002040.SZ,20190704,11.31,11.36,11.09,11.13,11.35,-0.22,-1.9383,50610.1,56641.418
184,002040.SZ,20190703,11.31,11.45,11.21,11.35,11.28,0.07,0.6206,51706.65,58485.125
185,002040.SZ,20190702,11.28,11.6,11.12,11.28,11.39,-0.11,-0.9658,87325.35,99325.147
186,002040.SZ,20190701,11.23,11.55,11.03,11.39,11.01,0.38,3.4514,113681.58,127791.572
187,002040.SZ,20190628,10.79,11.17,10.6,11.01,10.85,0.16,1.4747,74661.52,81479.279
188,002040.SZ,20190627,10.86,10.97,10.81,10.85,10.77,0.08,0.7428,39595.0,43119.361
189,002040.SZ,20190626,10.81,10.9,10.75,10.77,10.92,-0.15,-1.3736,26532.11,28729.481
190,002040.SZ,20190625,11.09,11.12,10.69,10.92,11.09,-0.17,-1.5329,56923.78,61892.601
191,002040.SZ,20190624,10.91,11.1,10.84,11.09,10.98,0.11,1.0018,56044.58,61690.185
192,002040.SZ,20190621,10.84,11.04,10.81,10.98,10.87,0.11,1.012,64200.61,70336.273
193,002040.SZ,20190620,10.69,10.96,10.57,10.87,10.79,0.08,0.7414,77751.72,83977.428
194,002040.SZ,20190619,10.79,11.04,10.55,10.79,10.42,0.37,3.5509,87614.24,94323.467
195,002040.SZ,20190618,10.46,10.54,10.34,10.42,10.47,-0.05,-0.4776,18952.0,19753.64
196,002040.SZ,20190617,10.44,10.5,10.32,10.47,10.42,0.05,0.4798,23622.6,24567.494
197,002040.SZ,20190614,10.71,10.71,10.4,10.42,10.68,-0.26,-2.4345,43974.02,46339.306
198,002040.SZ,20190613,10.45,10.8,10.4,10.68,10.5,0.18,1.7143,51004.1,54370.704
199,002040.SZ,20190612,10.6,10.7,10.47,10.5,10.6,-0.1,-0.9434,46466.96,49123.485
200,002040.SZ,20190611,10.22,10.63,10.2,10.6,10.2,0.4,3.9216,64126.86,67320.622
201,002040.SZ,20190610,10.18,10.31,10.1,10.2,10.12,0.08,0.7905,30706.0,31318.338
202,002040.SZ,20190606,10.5,10.5,10.05,10.12,10.55,-0.43,-4.0758,60741.0,62177.883
203,002040.SZ,20190605,10.8,11.0,10.5,10.55,10.87,-0.32,-2.9439,86079.51,92384.934
204,002040.SZ,20190604,10.39,11.4,10.27,10.87,10.36,0.51,4.9228,120912.03,131680.434
205,002040.SZ,20190603,10.72,10.78,10.3,10.36,10.72,-0.36,-3.3582,54486.0,57420.139
206,002040.SZ,20190531,10.71,10.88,10.67,10.72,10.69,0.03,0.2806,47707.5,51310.026
207,002040.SZ,20190530,10.83,10.87,10.51,10.69,10.93,-0.24,-2.1958,56536.5,60253.635
208,002040.SZ,20190529,10.86,11.05,10.86,10.93,10.87,0.06,0.552,50821.0,55702.608
209,002040.SZ,20190528,10.81,11.16,10.8,10.87,10.81,0.06,0.555,74356.5,81751.281
210,002040.SZ,20190527,10.54,10.95,10.35,10.81,10.55,0.26,2.4645,63700.0,68319.909
211,002040.SZ,20190524,10.61,10.95,10.5,10.55,10.62,-0.07,-0.6591,56188.0,60195.327
212,002040.SZ,20190523,10.75,11.11,10.58,10.62,10.89,-0.27,-2.4793,77349.78,83592.416
213,002040.SZ,20190522,11.12,11.26,10.78,10.89,11.05,-0.16,-1.448,80021.16,88139.502
214,002040.SZ,20190521,10.6,11.25,10.58,11.05,10.47,0.58,5.5396,106414.27,116268.171
215,002040.SZ,20190520,10.89,10.89,10.1,10.47,10.97,-0.5,-4.5579,87019.79,90812.584
216,002040.SZ,20190517,11.39,11.77,10.92,10.97,11.36,-0.39,-3.4331,120007.09,136823.82
217,002040.SZ,20190516,11.41,11.77,11.24,11.36,11.61,-0.25,-2.1533,125701.02,143313.065
218,002040.SZ,20190515,10.9,11.86,10.78,11.61,10.78,0.83,7.6994,162417.47,185844.611
219,002040.SZ,20190514,10.85,11.18,10.75,10.78,10.95,-0.17,-1.5525,90238.18,98669.938
220,002040.SZ,20190513,10.5,11.31,10.4,10.95,10.68,0.27,2.5281,132124.69,143870.105
221,002040.SZ,20190510,10.27,10.69,10.06,10.68,10.09,0.59,5.8474,118239.7,123440.729
222,002040.SZ,20190509,10.35,10.47,10.06,10.09,10.49,-0.4,-3.8132,68523.0,70411.712
223,002040.SZ,20190508,10.16,10.79,10.02,10.49,10.39,0.1,0.9625,101174.0,105693.002
224,002040.SZ,20190507,10.39,10.5,10.04,10.39,10.39,0.0,0.0,82749.18,85159.834
225,002040.SZ,20190506,10.72,10.94,10.39,10.39,11.54,-1.15,-9.9653,76053.14,80821.461
226,002040.SZ,20190430,11.33,11.68,11.3,11.54,11.35,0.19,1.674,74405.07,85404.992
227,002040.SZ,20190429,12.04,12.18,11.31,11.35,12.0,-0.65,-5.4167,95608.59,110983.919
228,002040.SZ,20190426,12.53,12.75,12.0,12.0,12.59,-0.59,-4.6863,114974.05,141145.422
229,002040.SZ,20190425,13.1,13.15,12.52,12.59,12.92,-0.33,-2.5542,120877.68,155385.173
230,002040.SZ,20190424,13.01,13.09,12.68,12.92,13.12,-0.2,-1.5244,88822.0,114299.956
231,002040.SZ,20190423,13.16,13.41,12.91,13.12,13.19,-0.07,-0.5307,111827.23,147629.178
232,002040.SZ,20190422,13.49,13.49,13.08,13.19,13.35,-0.16,-1.1985,97764.41,129858.41
233,002040.SZ,20190419,13.41,13.64,13.18,13.35,13.54,-0.19,-1.4032,127686.01,170457.805
234,002040.SZ,20190418,13.91,14.04,13.53,13.54,14.09,-0.55,-3.9035,196662.01,269846.94
235,002040.SZ,20190417,13.98,14.46,13.83,14.09,14.05,0.04,0.2847,211815.77,298391.44
236,002040.SZ,20190416,13.72,14.19,13.51,14.05,13.85,0.2,1.444,194965.1,270723.939
237,002040.SZ,20190415,13.8,14.8,13.6,13.85,14.12,-0.27,-1.9122,259638.34,366858.02
238,002040.SZ,20190412,14.4,15.04,13.88,14.12,15.38,-1.26,-8.1925,370607.67,534388.105
239,002040.SZ,20190411,14.88,15.38,14.4,15.38,13.98,1.4,10.0143,538677.29,821123.53
240,002040.SZ,20190410,12.55,13.98,12.22,13.98,12.71,1.27,9.9921,301723.83,399560.0
241,002040.SZ,20190409,12.97,13.48,12.7,12.71,13.22,-0.51,-3.8578,182075.06,236358.215
242,002040.SZ,20190408,12.93,13.5,12.62,13.22,12.8,0.42,3.2813,242001.99,313846.419
243,002040.SZ,20190404,12.92,13.18,12.5,12.8,12.81,-0.01,-0.0781,209633.04,269504.551
244,002040.SZ,20190403,12.38,13.25,12.13,12.81,12.5,0.31,2.48,221180.95,279840.784
245,002040.SZ,20190402,12.11,12.62,11.96,12.5,12.06,0.44,3.6484,224049.42,276445.521
246,002040.SZ,20190401,11.47,12.3,11.43,12.06,11.53,0.53,4.5967,212064.29,252483.544
247,002040.SZ,20190329,11.55,11.77,11.04,11.53,11.93,-0.4,-3.3529,209907.96,239606.216
248,002040.SZ,20190328,11.87,13.3,11.61,11.93,12.14,-0.21,-1.7298,375446.27,462598.724
249,002040.SZ,20190327,10.8,12.14,10.6,12.14,11.04,1.1,9.9638,333978.98,388793.827
250,002040.SZ,20190326,10.76,11.48,10.4,11.04,10.76,0.28,2.6022,183548.9,201415.146
251,002040.SZ,20190325,11.11,11.35,10.75,10.76,11.43,-0.67,-5.8618,146245.01,161225.595
252,002040.SZ,20190322,10.86,11.66,10.7,11.43,10.97,0.46,4.1933,215374.67,244275.533
253,002040.SZ,20190321,11.3,11.45,10.95,10.97,11.16,-0.19,-1.7025,137941.58,153403.597
254,002040.SZ,20190320,10.95,11.3,10.7,11.16,10.97,0.19,1.732,148836.78,163893.35
255,002040.SZ,20190319,10.86,10.99,10.64,10.97,10.84,0.13,1.1993,121129.61,131558.353
256,002040.SZ,20190318,10.52,10.93,10.35,10.84,10.47,0.37,3.5339,118439.61,127145.868
257,002040.SZ,20190315,10.22,10.55,10.15,10.47,10.21,0.26,2.5465,77461.25,80240.792
258,002040.SZ,20190314,10.51,10.63,10.02,10.21,10.5,-0.29,-2.7619,64078.0,65968.311
259,002040.SZ,20190313,10.8,10.85,10.43,10.5,10.63,-0.13,-1.223,87862.16,93523.563
260,002040.SZ,20190312,10.47,10.83,10.31,10.63,10.42,0.21,2.0154,113682.04,119923.455
261,002040.SZ,20190311,9.93,10.58,9.93,10.42,10.02,0.4,3.992,90113.06,93328.968
262,002040.SZ,20190308,10.64,10.65,10.0,10.02,10.94,-0.92,-8.4095,136710.69,142003.837
263,002040.SZ,20190307,10.98,11.5,10.85,10.94,11.02,-0.08,-0.726,171180.79,191215.749
264,002040.SZ,20190306,10.63,11.22,10.53,11.02,10.69,0.33,3.087,189204.49,206006.469
265,002040.SZ,20190305,10.42,10.85,10.2,10.69,10.42,0.27,2.5912,135191.16,142435.082
266,002040.SZ,20190304,10.35,10.64,10.22,10.42,10.3,0.12,1.165,137586.19,143773.937
267,002040.SZ,20190301,10.25,10.44,10.03,10.3,10.29,0.01,0.0972,78956.38,80575.668
268,002040.SZ,20190228,10.23,10.49,10.18,10.29,10.2,0.09,0.8824,80307.36,82504.392
269,002040.SZ,20190227,10.55,10.78,10.1,10.2,10.8,-0.6,-5.5556,189553.32,195948.801
270,002040.SZ,20190226,11.0,11.31,10.8,10.8,11.11,-0.31,-2.7903,232325.01,256736.935
271,002040.SZ,20190225,10.94,11.55,10.7,11.11,10.95,0.16,1.4612,292176.12,323545.409
272,002040.SZ,20190222,10.99,11.32,10.53,10.95,11.03,-0.08,-0.7253,306598.42,337545.984
273,002040.SZ,20190221,10.04,11.03,9.9,11.03,10.03,1.0,9.9701,347012.94,365120.466
274,002040.SZ,20190220,10.19,10.19,9.88,10.03,10.19,-0.16,-1.5702,108454.44,108698.237
275,002040.SZ,20190219,9.83,10.4,9.78,10.19,10.22,-0.03,-0.2935,265061.74,267819.824
276,002040.SZ,20190218,9.86,10.53,9.68,10.22,9.87,0.35,3.5461,335600.87,335598.469
277,002040.SZ,20190215,8.97,9.87,8.86,9.87,8.97,0.9,10.0334,276754.86,266284.033
278,002040.SZ,20190214,8.16,8.97,8.1,8.97,8.15,0.82,10.0613,161297.09,140136.46
279,002040.SZ,20190213,8.08,8.16,8.02,8.15,8.06,0.09,1.1166,31442.26,25538.798
280,002040.SZ,20190212,8.0,8.13,7.97,8.06,7.99,0.07,0.8761,24999.34,20164.401
281,002040.SZ,20190211,7.89,8.0,7.85,7.99,7.84,0.15,1.9133,15447.0,12273.342
282,002040.SZ,20190201,7.68,7.85,7.68,7.84,7.68,0.16,2.0833,12516.0,9756.713
283,002040.SZ,20190131,7.76,7.83,7.65,7.68,7.76,-0.08,-1.0309,13481.89,10444.167
284,002040.SZ,20190130,7.73,7.84,7.71,7.76,7.8,-0.04,-0.5128,9259.0,7215.566
285,002040.SZ,20190129,7.89,7.9,7.62,7.8,7.9,-0.1,-1.2658,15905.0,12346.322
286,002040.SZ,20190128,8.02,8.04,7.89,7.9,7.98,-0.08,-1.0025,21764.82,17329.523
287,002040.SZ,20190125,7.98,8.05,7.96,7.98,8.01,-0.03,-0.3745,19067.8,15260.242
288,002040.SZ,20190124,7.91,8.04,7.89,8.01,7.9,0.11,1.3924,27901.53,22252.065
289,002040.SZ,20190123,7.9,7.97,7.87,7.9,7.92,-0.02,-0.2525,19372.3,15327.035
290,002040.SZ,20190122,8.01,8.05,7.91,7.92,8.12,-0.2,-2.4631,32290.45,25725.483
291,002040.SZ,20190121,8.26,8.36,8.02,8.12,8.26,-0.14,-1.6949,79768.38,65026.619
292,002040.SZ,20190118,8.14,8.37,8.12,8.26,8.11,0.15,1.8496,20470.87,16837.157
293,002040.SZ,20190117,8.37,8.37,8.08,8.11,8.36,-0.25,-2.9904,22345.97,18342.837
294,002040.SZ,20190116,8.35,8.42,8.31,8.36,8.34,0.02,0.2398,16354.55,13669.643
295,002040.SZ,20190115,8.36,8.36,8.25,8.34,8.29,0.05,0.6031,20206.0,16774.862
296,002040.SZ,20190114,8.35,8.43,8.27,8.29,8.41,-0.12,-1.4269,15931.56,13282.905
297,002040.SZ,20190111,8.36,8.43,8.29,8.41,8.4,0.01,0.119,29739.51,24883.427
298,002040.SZ,20190110,8.41,8.71,8.33,8.4,8.4,0.0,0.0,42189.72,35842.636
299,002040.SZ,20190109,8.41,8.75,8.38,8.4,8.53,-0.13,-1.524,57627.19,49089.064
300,002040.SZ,20190108,8.25,8.95,8.15,8.53,8.29,0.24,2.8951,71864.62,61596.244
301,002040.SZ,20190107,8.2,8.42,8.13,8.29,8.23,0.06,0.729,32616.04,26878.788
302,002040.SZ,20190104,7.81,8.25,7.78,8.23,7.85,0.38,4.8408,27706.69,22236.276
303,002040.SZ,20190103,7.77,7.91,7.77,7.85,7.77,0.08,1.0296,10070.57,7902.674
304,002040.SZ,20190102,7.78,7.9,7.73,7.77,7.78,-0.01,-0.1285,11314.31,8818.784
305,002040.SZ,20181228,7.71,7.84,7.71,7.78,7.69,0.09,1.1704,11358.0,8826.308
306,002040.SZ,20181227,7.99,7.99,7.66,7.69,7.86,-0.17,-2.1628,13972.31,10939.319
307,002040.SZ,20181226,7.88,7.95,7.84,7.86,7.92,-0.06,-0.7576,12805.0,10085.788
308,002040.SZ,20181225,8.08,8.08,7.59,7.92,8.14,-0.22,-2.7027,19155.0,15026.012
309,002040.SZ,20181224,8.14,8.22,8.09,8.14,8.08,0.06,0.7426,14792.0,12051.284
310,002040.SZ,20181221,8.21,8.3,8.03,8.08,8.29,-0.21,-2.5332,20615.04,16755.494
311,002040.SZ,20181220,8.28,8.38,8.21,8.29,8.4,-0.11,-1.3095,19799.0,16388.583
312,002040.SZ,20181219,8.48,8.57,8.37,8.4,8.64,-0.24,-2.7778,34660.78,29283.699
313,002040.SZ,20181218,8.41,8.93,8.35,8.64,8.4,0.24,2.8571,68506.31,59175.909
314,002040.SZ,20181217,8.34,8.54,8.08,8.4,8.35,0.05,0.5988,37537.24,31047.104
315,002040.SZ,20181214,8.47,8.52,8.27,8.35,8.52,-0.17,-1.9953,36556.31,30658.026
316,002040.SZ,20181213,8.26,8.68,8.17,8.52,8.22,0.3,3.6496,44009.54,37323.413
317,002040.SZ,20181212,8.22,8.29,8.2,8.22,8.26,-0.04,-0.4843,6332.0,5217.595
318,002040.SZ,20181211,8.3,8.3,8.22,8.26,8.25,0.01,0.1212,8665.45,7146.533
319,002040.SZ,20181210,8.22,8.34,8.17,8.25,8.3,-0.05,-0.6024,8558.32,7054.748
320,002040.SZ,20181207,8.35,8.35,8.21,8.3,8.26,0.04,0.4843,10353.01,8573.884
321,002040.SZ,20181206,8.43,8.43,8.23,8.26,8.47,-0.21,-2.4793,17885.42,14873.702
322,002040.SZ,20181205,8.39,8.53,8.35,8.47,8.55,-0.08,-0.9357,21567.05,18211.983
323,002040.SZ,20181204,8.33,8.57,8.32,8.55,8.39,0.16,1.907,33809.0,28663.118
324,002040.SZ,20181203,8.35,8.43,8.3,8.39,8.14,0.25,3.0713,28316.27,23714.588
325,002040.SZ,20181130,8.16,8.21,7.95,8.14,8.2,-0.06,-0.7317,19570.06,15838.35
326,002040.SZ,20181129,8.48,8.52,8.2,8.2,8.44,-0.24,-2.8436,20754.89,17356.138
327,002040.SZ,20181128,8.28,8.46,8.14,8.44,8.28,0.16,1.9324,21835.01,18193.153
328,002040.SZ,20181127,8.31,8.38,8.22,8.28,8.28,0.0,0.0,13326.0,11051.588
329,002040.SZ,20181126,8.2,8.46,8.19,8.28,8.22,0.06,0.7299,18292.01,15219.58
330,002040.SZ,20181123,8.61,8.65,8.2,8.22,8.51,-0.29,-3.4078,24684.03,20730.403
331,002040.SZ,20181122,8.56,8.63,8.49,8.51,8.54,-0.03,-0.3513,16005.0,13699.967
332,002040.SZ,20181121,8.4,8.59,8.36,8.54,8.4,0.14,1.6667,21631.0,18382.631
333,002040.SZ,20181120,8.68,8.69,8.4,8.4,8.77,-0.37,-4.2189,33920.84,28978.293
334,002040.SZ,20181119,8.58,8.78,8.5,8.77,8.6,0.17,1.9767,41425.05,35762.283
335,002040.SZ,20181116,8.51,8.67,8.5,8.6,8.51,0.09,1.0576,36565.31,31390.746
336,002040.SZ,20181115,8.35,8.52,8.28,8.51,8.38,0.13,1.5513,34111.9,28725.398
337,002040.SZ,20181114,8.35,8.67,8.33,8.38,8.35,0.03,0.3593,54121.38,46129.435
338,002040.SZ,20181113,8.11,8.39,8.1,8.35,8.22,0.13,1.5815,37126.35,30690.265
339,002040.SZ,20181112,8.07,8.24,8.0,8.22,7.99,0.23,2.8786,24924.35,20297.302
340,002040.SZ,20181109,8.04,8.11,7.98,7.99,8.1,-0.11,-1.358,15356.01,12335.502
341,002040.SZ,20181108,8.16,8.25,8.05,8.1,8.11,-0.01,-0.1233,22518.02,18338.683
342,002040.SZ,20181107,8.24,8.33,8.1,8.11,8.24,-0.13,-1.5777,29304.27,23984.735
343,002040.SZ,20181106,8.17,8.52,8.06,8.24,8.25,-0.01,-0.1212,43889.48,36237.819
344,002040.SZ,20181105,8.01,8.45,8.01,8.25,8.02,0.23,2.8678,53898.59,44340.5
345,002040.SZ,20181102,7.99,8.05,7.89,8.02,7.85,0.17,2.1656,27639.34,22033.348
346,002040.SZ,20181101,7.89,7.96,7.82,7.85,7.86,-0.01,-0.1272,26399.43,20856.57
347,002040.SZ,20181031,7.77,7.95,7.76,7.86,7.75,0.11,1.4194,22056.01,17340.449
348,002040.SZ,20181030,7.69,7.81,7.57,7.75,7.67,0.08,1.043,15715.01,12127.615
349,002040.SZ,20181029,7.73,7.79,7.64,7.67,7.79,-0.12,-1.5404,16517.99,12717.375
350,002040.SZ,20181026,7.81,7.94,7.76,7.79,7.85,-0.06,-0.7643,25083.99,19631.905
351,002040.SZ,20181025,7.48,8.15,7.38,7.85,7.66,0.19,2.4804,39255.39,30416.315
352,002040.SZ,20181024,7.51,7.75,7.51,7.66,7.57,0.09,1.1889,21193.84,16267.483
353,002040.SZ,20181023,7.7,7.74,7.47,7.57,7.7,-0.13,-1.6883,19086.34,14530.536
354,002040.SZ,20181022,7.41,7.79,7.41,7.7,7.4,0.3,4.0541,31614.02,24154.248
355,002040.SZ,20181019,7.08,7.45,7.08,7.4,7.32,0.08,1.0929,18612.23,13620.139
356,002040.SZ,20181018,7.53,7.54,7.3,7.32,7.59,-0.27,-3.5573,15933.28,11827.162
357,002040.SZ,20181017,7.55,7.68,7.36,7.59,7.49,0.1,1.3351,22179.0,16746.159
358,002040.SZ,20181016,7.56,7.58,7.42,7.49,7.51,-0.02,-0.2663,12990.19,9735.089
359,002040.SZ,20181015,7.64,7.77,7.45,7.51,7.58,-0.07,-0.9235,16600.89,12626.76
360,002040.SZ,20181012,7.66,7.75,7.23,7.58,7.7,-0.12,-1.5584,28508.84,21394.931
361,002040.SZ,20181011,8.33,8.33,7.66,7.7,8.51,-0.81,-9.5182,36420.31,28899.627
362,002040.SZ,20181010,8.61,8.62,8.45,8.51,8.63,-0.12,-1.3905,21554.2,18368.354
363,002040.SZ,20181009,8.42,8.95,8.42,8.63,8.42,0.21,2.4941,28044.59,24290.219
364,002040.SZ,20181008,8.54,8.55,8.4,8.42,8.65,-0.23,-2.659,17200.0,14556.203
365,002040.SZ,20180928,8.53,8.75,8.53,8.65,8.54,0.11,1.2881,17200.29,14834.797
366,002040.SZ,20180927,8.79,8.85,8.53,8.54,8.78,-0.24,-2.7335,19815.88,17172.244
367,002040.SZ,20180926,8.95,8.95,8.76,8.78,8.84,-0.06,-0.6787,22110.01,19538.175
368,002040.SZ,20180925,8.83,8.88,8.73,8.84,8.85,-0.01,-0.113,15092.02,13306.553
369,002040.SZ,20180921,8.76,8.88,8.72,8.85,8.74,0.11,1.2586,24608.0,21732.547
370,002040.SZ,20180920,8.85,8.87,8.73,8.74,8.87,-0.13,-1.4656,19062.0,16739.201
371,002040.SZ,20180919,8.7,8.94,8.68,8.87,8.76,0.11,1.2557,35798.01,31627.439
372,002040.SZ,20180918,8.48,8.79,8.41,8.76,8.52,0.24,2.8169,29690.01,25758.127
373,002040.SZ,20180917,8.44,8.58,8.3,8.52,8.65,-0.13,-1.5029,16849.36,14301.654
374,002040.SZ,20180914,8.59,8.79,8.54,8.65,8.58,0.07,0.8159,23807.0,20621.117
375,002040.SZ,20180913,8.52,8.67,8.47,8.58,8.49,0.09,1.0601,10264.18,8783.601
376,002040.SZ,20180912,8.45,8.54,8.4,8.49,8.43,0.06,0.7117,10752.0,9108.798
377,002040.SZ,20180911,8.37,8.5,8.35,8.43,8.37,0.06,0.7168,10619.0,8957.187
378,002040.SZ,20180910,8.6,8.62,8.36,8.37,8.62,-0.25,-2.9002,14316.18,12135.171
379,002040.SZ,20180907,8.6,8.72,8.53,8.62,8.61,0.01,0.1161,12321.35,10640.719
380,002040.SZ,20180906,8.6,8.74,8.5,8.61,8.61,0.0,0.0,12779.89,11034.03
381,002040.SZ,20180905,8.81,8.88,8.6,8.61,8.81,-0.2,-2.2701,19315.0,16887.166
382,002040.SZ,20180904,8.7,8.85,8.7,8.81,8.7,0.11,1.2644,17996.01,15819.195
383,002040.SZ,20180903,8.68,8.71,8.47,8.7,8.63,0.07,0.8111,13049.58,11224.808
384,002040.SZ,20180831,8.86,8.86,8.59,8.63,8.91,-0.28,-3.1425,22915.58,19883.091
385,002040.SZ,20180830,8.9,9.18,8.86,8.91,8.92,-0.01,-0.1121,34468.58,31126.565
386,002040.SZ,20180829,8.97,9.03,8.86,8.92,8.91,0.01,0.1122,16991.02,15165.848
387,002040.SZ,20180828,8.85,8.97,8.82,8.91,8.89,0.02,0.225,18872.0,16757.61
388,002040.SZ,20180827,8.77,9.05,8.72,8.89,8.7,0.19,2.1839,27146.01,24163.001
389,002040.SZ,20180824,8.64,8.8,8.62,8.7,8.66,0.04,0.4619,17754.0,15460.025
390,002040.SZ,20180823,8.53,8.74,8.53,8.66,8.6,0.06,0.6977,20495.59,17766.029
391,002040.SZ,20180822,8.6,8.68,8.57,8.6,8.69,-0.09,-1.0357,15906.01,13703.386
392,002040.SZ,20180821,8.5,8.75,8.5,8.69,8.55,0.14,1.6374,23962.0,20762.813
393,002040.SZ,20180820,8.46,8.55,8.34,8.55,8.46,0.09,1.0638,22265.35,18840.113
394,002040.SZ,20180817,8.99,8.99,8.4,8.46,8.83,-0.37,-4.1903,36620.36,31644.721
395,002040.SZ,20180816,9.1,9.15,8.82,8.83,9.4,-0.57,-6.0638,52310.49,46793.471
396,002040.SZ,20180815,9.74,9.77,9.4,9.4,9.74,-0.34,-3.4908,36099.73,34448.623
397,002040.SZ,20180814,9.73,9.97,9.67,9.74,9.72,0.02,0.2058,39339.19,38547.338
398,002040.SZ,20180813,9.73,9.79,9.52,9.72,9.91,-0.19,-1.9173,49159.19,47507.382
399,002040.SZ,20180810,10.02,10.16,9.9,9.91,10.1,-0.19,-1.8812,45080.72,45142.288
400,002040.SZ,20180809,9.86,10.34,9.86,10.1,9.96,0.14,1.4056,64623.72,64881.79
401,002040.SZ,20180808,10.06,10.47,9.92,9.96,10.3,-0.34,-3.301,96343.14,97765.82
402,002040.SZ,20180807,9.8,10.66,9.56,10.3,9.9,0.4,4.0404,131625.76,132767.567
403,002040.SZ,20180806,9.28,10.21,9.2,9.9,9.4,0.5,5.3191,128463.22,125707.802
404,002040.SZ,20180803,9.15,9.76,9.01,9.4,9.18,0.22,2.3965,69266.87,64980.066
405,002040.SZ,20180802,9.16,9.21,8.89,9.18,9.36,-0.18,-1.9231,45528.45,41169.128
406,002040.SZ,20180801,9.33,9.8,9.3,9.36,9.34,0.02,0.2141,64212.42,61088.703
407,002040.SZ,20180731,9.2,9.46,9.2,9.34,9.3,0.04,0.4301,29959.05,27956.34
408,002040.SZ,20180730,9.57,9.68,9.22,9.3,9.7,-0.4,-4.1237,49985.33,47361.069
409,002040.SZ,20180727,9.22,10.1,9.1,9.7,9.4,0.3,3.1915,68985.99,65494.875
410,002040.SZ,20180726,9.11,9.58,9.09,9.4,9.19,0.21,2.2851,71163.3,66935.353
411,002040.SZ,20180725,9.3,9.36,9.16,9.19,9.44,-0.25,-2.6483,58684.73,54192.505
412,002040.SZ,20180724,9.39,9.97,9.15,9.44,9.19,0.25,2.7203,125228.45,118641.633
413,002040.SZ,20180723,8.33,9.19,8.29,9.19,8.35,0.84,10.0599,56865.92,51111.709
414,002040.SZ,20180720,8.19,8.47,8.19,8.35,8.33,0.02,0.2401,14146.15,11814.929
415,002040.SZ,20180719,8.5,8.54,8.25,8.33,8.5,-0.17,-2.0,13960.12,11667.27
416,002040.SZ,20180718,8.5,8.6,8.48,8.5,8.54,-0.04,-0.47,11803.2,10088.62
417,002040.SZ,20180717,8.55,8.64,8.46,8.54,8.56,-0.02,-0.23,14358.01,12222.757
418,002040.SZ,20180716,8.51,8.64,8.45,8.56,8.48,0.08,0.94,15773.19,13426.256
419,002040.SZ,20180713,8.48,8.54,8.45,8.48,8.51,-0.03,-0.35,13738.02,11660.491
420,002040.SZ,20180712,8.35,8.62,8.32,8.51,8.32,0.19,2.28,22414.0,18983.185
421,002040.SZ,20180711,8.45,8.45,8.07,8.32,8.56,-0.24,-2.8,17632.03,14591.397
422,002040.SZ,20180710,8.52,8.59,8.43,8.56,8.43,0.13,1.54,15832.0,13497.948
423,002040.SZ,20180709,8.3,8.5,8.3,8.46,8.3,0.16,1.93,14370.0,12102.774
424,002040.SZ,20180706,8.41,8.48,7.9,8.3,8.41,-0.11,-1.31,24578.0,20369.611
425,002040.SZ,20180705,8.7,8.83,8.4,8.41,8.78,-0.37,-4.21,19460.94,16721.953
426,002040.SZ,20180704,9.0,9.0,8.76,8.78,9.02,-0.24,-2.66,19402.0,17170.051
427,002040.SZ,20180703,9.01,9.05,8.75,9.02,9.08,-0.06,-0.66,31627.98,28163.141
428,002040.SZ,20180702,9.02,9.39,8.88,9.08,9.0,0.08,0.89,38039.01,34697.045
429,002040.SZ,20180629,8.79,9.03,8.75,9.0,8.81,0.19,2.16,22902.9,20429.987
430,002040.SZ,20180628,8.9,9.04,8.78,8.81,8.98,-0.17,-1.89,16796.0,14922.816
431,002040.SZ,20180627,9.12,9.17,8.96,8.98,9.12,-0.14,-1.54,13451.0,12195.433
432,002040.SZ,20180626,8.99,9.12,8.65,9.12,9.05,0.07,0.77,18585.0,16710.352
433,002040.SZ,20180625,9.05,9.18,9.01,9.05,8.95,0.1,1.12,21125.62,19212.521
434,002040.SZ,20180622,8.82,9.0,8.5,8.95,8.88,0.07,0.79,18960.64,16741.786
435,002040.SZ,20180621,9.31,9.34,8.88,8.88,9.29,-0.41,-4.41,21252.0,19348.109
436,002040.SZ,20180620,9.2,9.4,8.93,9.29,9.34,-0.05,-0.54,24763.02,22732.981
437,002040.SZ,20180619,10.2,10.2,9.34,9.34,10.38,-1.04,-10.02,33511.01,32188.231
438,002040.SZ,20180615,10.61,10.73,10.3,10.38,10.67,-0.29,-2.72,18929.0,19801.256
439,002040.SZ,20180614,10.63,10.81,10.59,10.67,10.63,0.04,0.38,12623.21,13500.687
440,002040.SZ,20180613,10.87,10.89,10.62,10.63,10.86,-0.23,-2.12,15145.0,16252.904
441,002040.SZ,20180612,10.71,10.91,10.71,10.86,10.76,0.1,0.93,14469.01,15643.537
442,002040.SZ,20180611,10.82,10.97,10.71,10.76,10.82,-0.06,-0.55,15158.0,16430.795
443,002040.SZ,20180608,10.92,11.01,10.75,10.82,11.02,-0.2,-1.81,18449.02,19968.582
444,002040.SZ,20180607,11.23,11.26,11.0,11.02,11.17,-0.15,-1.34,17777.58,19711.782
445,002040.SZ,20180606,11.17,11.2,11.05,11.17,11.16,0.01,0.09,16936.23,18860.309
446,002040.SZ,20180605,11.0,11.23,10.97,11.16,10.97,0.19,1.73,19239.25,21389.812
447,002040.SZ,20180604,10.93,10.99,10.85,10.97,10.85,0.12,1.11,11540.89,12619.275
448,002040.SZ,20180601,11.0,11.11,10.84,10.85,11.01,-0.16,-1.45,18931.72,20689.707
449,002040.SZ,20180531,10.95,11.07,10.82,11.01,10.84,0.17,1.57,23924.71,26244.382
450,002040.SZ,20180530,11.33,11.43,10.79,10.84,11.63,-0.79,-6.79,38520.02,42820.398
451,002040.SZ,20180529,11.56,11.9,11.54,11.63,11.56,0.07,0.61,27771.56,32466.475
452,002040.SZ,20180528,11.75,11.77,11.54,11.56,11.76,-0.2,-1.7,25860.29,30099.907
453,002040.SZ,20180525,11.79,12.08,11.75,11.76,11.91,-0.15,-1.26,33484.0,39791.43
454,002040.SZ,20180524,11.84,12.33,11.77,11.91,11.95,-0.04,-0.33,49128.99,58924.876
455,002040.SZ,20180523,12.14,12.15,11.9,11.95,12.26,-0.31,-2.53,65776.99,78816.618
456,002040.SZ,20180522,11.88,12.73,11.87,12.26,12.0,0.26,2.17,106712.59,131440.757
457,002040.SZ,20180521,12.25,12.6,11.9,12.0,11.83,0.17,1.44,109801.47,133688.674
458,002040.SZ,20180518,11.55,11.91,11.5,11.83,11.54,0.29,2.51,55335.71,64886.072
459,002040.SZ,20180517,11.5,11.69,11.4,11.54,11.5,0.04,0.35,30486.83,35107.423
460,002040.SZ,20180516,11.66,11.78,11.48,11.5,11.64,-0.14,-1.2,37658.01,43739.918
461,002040.SZ,20180515,11.52,11.65,11.43,11.64,11.48,0.16,1.39,26592.0,30665.274
462,002040.SZ,20180514,11.48,11.65,11.4,11.48,11.48,0.0,0.0,28869.45,33333.752
463,002040.SZ,20180511,11.84,11.84,11.45,11.48,11.85,-0.37,-3.12,48410.29,56121.944
464,002040.SZ,20180510,11.83,11.94,11.67,11.85,11.81,0.04,0.34,74588.45,88032.269
465,002040.SZ,20180509,12.12,12.16,11.64,11.81,12.19,-0.38,-3.12,127044.19,149943.502
466,002040.SZ,20180508,11.08,12.19,11.08,12.19,11.08,1.11,10.02,138882.1,164414.237
467,002040.SZ,20180507,10.83,11.29,10.78,11.08,10.83,0.25,2.31,36580.24,40317.427
468,002040.SZ,20180504,10.83,10.98,10.7,10.83,10.84,-0.01,-0.09,18014.23,19483.014
469,002040.SZ,20180503,10.67,10.87,10.6,10.84,10.66,0.18,1.69,29099.67,31253.614
470,002040.SZ,20180502,10.87,10.93,10.63,10.66,10.92,-0.26,-2.38,29044.0,31107.236
471,002040.SZ,20180427,11.58,11.77,10.6,10.92,11.72,-0.8,-6.83,77753.73,86487.409
472,002040.SZ,20180426,11.77,12.05,11.54,11.72,11.88,-0.16,-1.35,49445.02,58258.61
473,002040.SZ,20180425,11.48,12.2,11.44,11.88,11.63,0.25,2.15,83136.93,98654.982
474,002040.SZ,20180424,11.25,11.7,11.22,11.63,11.21,0.42,3.75,53485.43,61684.137
475,002040.SZ,20180423,11.17,11.47,11.16,11.21,11.19,0.02,0.18,25388.91,28676.535
476,002040.SZ,20180420,11.48,11.58,11.18,11.19,11.48,-0.29,-2.53,21778.06,24794.502
477,002040.SZ,20180419,11.4,11.55,11.31,11.48,11.4,0.08,0.7,20506.18,23483.306
478,002040.SZ,20180418,11.41,11.58,11.1,11.4,11.39,0.01,0.09,20915.01,23703.049
479,002040.SZ,20180417,11.47,11.77,11.36,11.39,11.55,-0.16,-1.39,39239.63,45319.459
480,002040.SZ,20180416,11.28,11.62,11.28,11.55,11.3,0.25,2.21,47563.72,54680.795
481,002040.SZ,20180413,11.35,11.5,11.28,11.3,11.35,-0.05,-0.44,16041.01,18274.274
482,002040.SZ,20180412,11.45,11.45,11.26,11.35,11.46,-0.11,-0.96,19505.01,22152.088
483,002040.SZ,20180411,11.53,11.56,11.4,11.46,11.45,0.01,0.09,27575.48,31655.963
484,002040.SZ,20180410,11.5,11.53,11.32,11.45,11.58,-0.13,-1.12,35582.9,40612.1
485,002040.SZ,20180409,11.22,11.81,11.14,11.58,11.24,0.34,3.02,63036.33,72507.449
486,002040.SZ,20180404,11.16,11.36,11.13,11.24,11.19,0.05,0.45,27483.03,30890.898
487,002040.SZ,20180403,11.07,11.55,10.93,11.19,11.25,-0.06,-0.53,35607.0,39802.097
488,002040.SZ,20180402,11.3,11.4,11.2,11.25,11.36,-0.11,-0.97,22740.89,25738.378
489,002040.SZ,20180330,11.21,11.55,11.2,11.36,11.23,0.13,1.16,26200.47,29792.683
490,002040.SZ,20180329,11.2,11.34,11.14,11.23,11.12,0.11,0.99,24485.0,27522.712
491,002040.SZ,20180328,11.03,11.44,11.02,11.12,11.3,-0.18,-1.59,25789.44,28882.107
492,002040.SZ,20180327,11.07,11.79,11.07,11.3,10.95,0.35,3.2,46170.51,52314.934
493,002040.SZ,20180326,10.79,11.13,10.4,10.95,10.97,-0.02,-0.18,34225.35,36945.547
494,002040.SZ,20180323,11.65,11.65,10.96,10.97,11.97,-1.0,-8.35,51742.81,58149.279
495,002040.SZ,20180322,11.88,12.16,11.83,11.97,12.06,-0.09,-0.75,26045.62,31198.06
496,002040.SZ,20180321,11.96,12.18,11.91,12.06,11.91,0.15,1.26,43217.99,52089.732
497,002040.SZ,20180320,11.82,11.98,11.82,11.91,12.04,-0.13,-1.08,21084.99,25082.136
498,002040.SZ,20180319,12.05,12.24,11.9,12.04,12.16,-0.12,-0.99,22405.0,26981.304
499,002040.SZ,20180316,12.33,12.58,12.1,12.16,12.46,-0.3,-2.41,32595.1,40217.543
500,002040.SZ,20180315,12.18,12.75,11.97,12.46,12.32,0.14,1.14,53254.86,65766.565
501,002040.SZ,20180314,12.49,12.57,12.24,12.32,12.79,-0.47,-3.67,50570.8,62734.438
502,002040.SZ,20180313,12.05,13.26,11.88,12.79,12.05,0.74,6.14,89148.13,112815.58
503,002040.SZ,20180312,11.84,12.05,11.84,12.05,11.94,0.11,0.92,34336.21,41068.758
504,002040.SZ,20180309,11.67,12.09,11.67,11.94,11.63,0.31,2.67,44107.38,52735.039
505,002040.SZ,20180308,11.63,11.65,11.47,11.63,11.6,0.03,0.26,20878.18,24140.3
506,002040.SZ,20180307,11.78,11.96,11.52,11.6,11.78,-0.18,-1.53,29557.75,34631.688
507,002040.SZ,20180306,11.73,11.78,11.52,11.78,11.65,0.13,1.12,26077.76,30447.032
508,002040.SZ,20180305,11.59,11.76,11.59,11.65,11.59,0.06,0.52,20437.0,23852.105
509,002040.SZ,20180302,11.53,11.64,11.47,11.59,11.58,0.01,0.09,17099.69,19752.44
510,002040.SZ,20180301,11.45,11.6,11.4,11.58,11.53,0.05,0.43,16225.04,18715.261
511,002040.SZ,20180228,11.43,11.67,11.28,11.53,11.46,0.07,0.61,19395.88,22300.942
512,002040.SZ,20180227,11.56,11.58,11.4,11.46,11.58,-0.12,-1.04,22868.82,26230.982
513,002040.SZ,20180226,11.5,11.77,11.38,11.58,11.44,0.14,1.22,28777.44,33230.829
514,002040.SZ,20180223,11.13,11.79,10.99,11.44,11.05,0.39,3.53,31375.52,35851.155
515,002040.SZ,20180222,10.95,11.12,10.92,11.05,10.86,0.19,1.75,14940.35,16464.354
516,002040.SZ,20180214,10.9,10.97,10.75,10.86,10.92,-0.06,-0.55,10234.0,11099.459
517,002040.SZ,20180213,10.71,11.2,10.61,10.92,10.8,0.12,1.11,20764.0,22612.938
518,002040.SZ,20180212,10.66,10.88,10.66,10.8,10.55,0.25,2.37,15766.34,17048.789
519,002040.SZ,20180209,11.0,11.06,10.38,10.55,11.3,-0.75,-6.64,26345.0,28267.578
520,002040.SZ,20180208,11.15,11.35,11.08,11.3,11.14,0.16,1.44,12243.83,13791.784
521,002040.SZ,20180207,11.16,11.4,10.99,11.14,10.98,0.16,1.46,23522.0,26287.26
522,002040.SZ,20180206,11.7,11.98,10.95,10.98,12.01,-1.03,-8.58,37900.02,43648.326
523,002040.SZ,20180205,11.75,12.11,11.65,12.01,12.03,-0.02,-0.17,22182.79,26551.418
524,002040.SZ,20180202,12.8,12.81,11.58,12.03,12.87,-0.84,-6.53,56320.8,68059.4
525,002040.SZ,20180201,13.7,13.72,12.8,12.87,13.7,-0.83,-6.06,42006.32,55702.987
526,002040.SZ,20180131,13.5,13.74,13.26,13.7,13.6,0.1,0.74,40135.7,54026.179
527,002040.SZ,20180130,13.7,13.75,13.46,13.6,13.6,0.0,0.0,30749.58,41796.615
528,002040.SZ,20180129,14.06,14.07,13.52,13.6,13.99,-0.39,-2.79,59140.1,81252.272
529,002040.SZ,20180126,13.9,14.41,13.79,13.99,14.2,-0.21,-1.48,85310.09,119896.784
530,002040.SZ,20180125,13.3,14.72,13.24,14.2,13.38,0.82,6.13,126126.68,179057.477
531,002040.SZ,20180124,13.14,13.68,13.14,13.38,13.14,0.24,1.83,65804.79,88439.49
532,002040.SZ,20180123,13.04,13.29,12.93,13.14,13.03,0.11,0.84,35419.69,46438.304
533,002040.SZ,20180122,12.7,13.08,12.69,13.03,12.69,0.34,2.68,36296.0,47012.451
534,002040.SZ,20180119,12.86,12.93,12.65,12.69,12.85,-0.16,-1.25,25642.71,32731.108
535,002040.SZ,20180118,12.81,12.98,12.81,12.85,12.96,-0.11,-0.85,21989.04,28289.908
536,002040.SZ,20180117,12.65,13.36,12.65,12.96,12.83,0.13,1.01,35561.59,46241.043
537,002040.SZ,20180116,12.66,12.9,12.61,12.83,12.76,0.07,0.55,20952.59,26783.124
538,002040.SZ,20180115,13.23,13.27,12.75,12.76,13.38,-0.62,-4.63,43383.0,56327.901
539,002040.SZ,20180112,13.26,13.66,13.16,13.38,13.45,-0.07,-0.52,59806.05,80595.575
540,002040.SZ,20180111,13.25,13.69,13.05,13.45,13.4,0.05,0.37,62540.0,83339.485
541,002040.SZ,20180110,13.02,13.66,12.6,13.4,13.06,0.34,2.6,59101.96,77957.092
542,002040.SZ,20180109,13.09,13.18,13.0,13.06,13.04,0.02,0.15,20665.0,27028.719
543,002040.SZ,20180108,13.12,13.13,12.91,13.04,13.08,-0.04,-0.31,21545.15,27999.97
544,002040.SZ,20180105,13.14,13.19,13.03,13.08,13.1,-0.02,-0.15,24243.01,31766.57
545,002040.SZ,20180104,13.35,13.35,12.98,13.1,13.32,-0.22,-1.65,40448.91,52979.702
546,002040.SZ,20180103,12.67,13.32,12.61,13.32,12.65,0.67,5.3,55585.96,72502.894
547,002040.SZ,20180102,12.6,12.68,12.48,12.65,12.61,0.04,0.32,16344.01,20611.265
